  0.50   0.50   0.70
  0.30   0.50   0.59
  0.19   0.50   0.46
  0.14   0.50   0.27
  0.12   0.50   0.20
  0.16   0.50   0.08
  0.19   0.50   0.05
  0.25   0.50   0.01
  0.33   0.50  -0.01
  0.47   0.50  -0.01
  0.70   0.50  -0.01
  0.37   0.50   0.69
  0.16   0.50   0.54
  0.10   0.50   0.48
  0.05   0.50   0.44
 -0.06   0.50   0.34
 -0.06   0.50   0.07
 -0.04   0.50  -0.01
  0.00   0.50  -0.04
  0.19   0.50  -0.04
  0.31   0.50  -0.04
  0.48   0.50  -0.04
  0.50  -0.50   0.70
  0.30  -0.50   0.59
  0.19  -0.50   0.46
  0.14  -0.50   0.27
  0.12  -0.50   0.20
  0.16  -0.50   0.08
  0.19  -0.50   0.05
  0.25  -0.50   0.01
  0.33  -0.50  -0.01
  0.47  -0.50  -0.01
  0.70  -0.50  -0.01
  0.37  -0.50   0.69
  0.16  -0.50   0.54
  0.10  -0.50   0.48
  0.05  -0.50   0.44
 -0.06  -0.50   0.34
 -0.06  -0.50   0.07
 -0.04  -0.50  -0.01
  0.00  -0.50  -0.04
  0.19  -0.50  -0.04
  0.31  -0.50  -0.04
  0.48  -0.50  -0.04
