0	4.6576e-08
0.010005	6.2151e-08
0.020009	7.9426e-08
0.030014	9.8475e-08
0.040018	1.1936e-07
0.050023	1.4214e-07
0.060027	1.6686e-07
0.070032	1.9354e-07
0.080036	2.222e-07
0.090041	2.5283e-07
0.10005	2.854e-07
0.11005	3.1986e-07
0.12005	3.5612e-07
0.13006	3.9407e-07
0.14006	4.3356e-07
0.15007	4.7439e-07
0.16007	5.1634e-07
0.17008	5.5913e-07
0.18008	6.0242e-07
0.19009	6.4581e-07
0.20009	6.8888e-07
0.21009	7.3109e-07
0.2201	7.7187e-07
0.2301	8.1057e-07
0.24011	8.4645e-07
0.25011	8.7869e-07
0.26012	9.0641e-07
0.27012	9.2861e-07
0.28013	9.4421e-07
0.29013	9.5205e-07
0.30014	9.5087e-07
0.31014	9.393e-07
0.32014	9.1589e-07
0.33015	8.7909e-07
0.34015	8.2727e-07
0.35016	7.5869e-07
0.36016	6.7154e-07
0.37017	5.6394e-07
0.38017	4.3394e-07
0.39018	2.7952e-07
0.40018	9.863e-08
0.41019	-1.1081e-07
0.42019	-3.5088e-07
0.43019	-6.2368e-07
0.4402	-9.3125e-07
0.4502	-1.2756e-06
0.46021	-1.6585e-06
0.47021	-2.0819e-06
0.48022	-2.5472e-06
0.49022	-3.0559e-06
0.50023	-3.6092e-06
0.51023	-4.2077e-06
0.52024	-4.8521e-06
0.53024	-5.5424e-06
0.54024	-6.278e-06
0.55025	-7.0581e-06
0.56025	-7.881e-06
0.57026	-8.7444e-06
0.58026	-9.6451e-06
0.59027	-1.0579e-05
0.60027	-1.1542e-05
0.61028	-1.2527e-05
0.62028	-1.3527e-05
0.63028	-1.4534e-05
0.64029	-1.5538e-05
0.65029	-1.6527e-05
0.6603	-1.749e-05
0.6703	-1.8412e-05
0.68031	-1.9276e-05
0.69031	-2.0064e-05
0.70032	-2.0757e-05
0.71032	-2.1332e-05
0.72033	-2.1766e-05
0.73033	-2.2032e-05
0.74033	-2.2102e-05
0.75034	-2.1945e-05
0.76034	-2.1529e-05
0.77035	-2.0819e-05
0.78035	-1.9777e-05
0.79036	-1.8365e-05
0.80036	-1.6541e-05
0.81037	-1.4263e-05
0.82037	-1.1485e-05
0.83038	-8.1611e-06
0.84038	-4.2449e-06
0.85038	3.1202e-07
0.86039	5.5581e-06
0.87039	1.1542e-05
0.8804	1.8311e-05
0.8904	2.5913e-05
0.90041	3.4391e-05
0.91041	4.3789e-05
0.92042	5.4146e-05
0.93042	6.5495e-05
0.94042	7.7866e-05
0.95043	9.1281e-05
0.96043	0.00010576
0.97044	0.0001213
0.98044	0.00013789
0.99045	0.00015554
1.0005	0.00017419
1.0105	0.00019381
1.0205	0.00021433
1.0305	0.00023567
1.0405	0.00025772
1.0505	0.00028036
1.0605	0.00030342
1.0705	0.00032674
1.0805	0.0003501
1.0905	0.00037324
1.1005	0.0003959
1.1105	0.00041776
1.1205	0.00043845
1.1305	0.00045757
1.1405	0.0004747
1.1505	0.00048933
1.1605	0.00050093
1.1705	0.00050893
1.1805	0.00051267
1.1905	0.00051148
1.2005	0.00050462
1.2105	0.0004913
1.2206	0.00047068
1.2306	0.00044188
1.2406	0.00040396
1.2506	0.00035593
1.2606	0.00029679
1.2706	0.00022548
1.2806	0.00014091
1.2906	4.1974e-05
1.3006	-7.2449e-05
1.3106	-0.00020348
1.3206	-0.00035225
1.3306	-0.00051984
1.3406	-0.00070733
1.3506	-0.00091571
1.3606	-0.0011459
1.3706	-0.0013989
1.3806	-0.0016752
1.3906	-0.0019756
1.4006	-0.0023004
1.4106	-0.0026498
1.4206	-0.003024
1.4306	-0.0034225
1.4407	-0.0038449
1.4507	-0.0042903
1.4607	-0.0047572
1.4707	-0.0052441
1.4807	-0.0057487
1.4907	-0.0062682
1.5007	-0.0067995
1.5107	-0.0073385
1.5207	-0.0078807
1.5307	-0.0084208
1.5407	-0.0089525
1.5507	-0.0094691
1.5607	-0.0099625
1.5707	-0.010424
1.5807	-0.010844
1.5907	-0.011211
1.6007	-0.011515
1.6107	-0.01174
1.6207	-0.011874
1.6307	-0.011902
1.6407	-0.011806
1.6507	-0.011569
1.6608	-0.011172
1.6708	-0.010595
1.6808	-0.0098172
1.6908	-0.0088162
1.7008	-0.007569
1.7108	-0.0060515
1.7208	-0.004239
1.7308	-0.002106
1.7408	0.00037321
1.7508	0.0032246
1.7608	0.0064743
1.7708	0.010148
1.7808	0.01427
1.7908	0.018865
1.8008	0.023956
1.8108	0.029562
1.8208	0.035703
1.8308	0.042395
1.8408	0.049648
1.8508	0.057472
1.8608	0.06587
1.8708	0.074841
1.8808	0.084379
1.8909	0.094471
1.9009	0.1051
1.9109	0.11624
1.9209	0.12787
1.9309	0.13995
1.9409	0.15243
1.9509	0.16529
1.9609	0.17848
1.9709	0.19195
1.9809	0.20566
1.9909	0.21958
2.0009	0.23366
2.0109	0.24786
2.0209	0.26216
2.0309	0.27652
2.0409	0.29089
2.0509	0.30525
2.0609	0.31956
2.0709	0.33378
2.0809	0.34787
2.0909	0.36179
2.1009	0.37552
2.111	0.38902
2.121	0.40225
2.131	0.4152
2.141	0.42782
2.151	0.4401
2.161	0.452
2.171	0.46351
2.181	0.47461
2.191	0.48527
2.201	0.4955
2.211	0.50527
2.221	0.51459
2.231	0.52346
2.241	0.53187
2.251	0.53983
2.261	0.54735
2.271	0.55443
2.281	0.5611
2.291	0.56735
2.301	0.57321
2.311	0.57869
2.321	0.58381
2.3311	0.58858
2.3411	0.59303
2.3511	0.59718
2.3611	0.60108
2.3711	0.60475
2.3811	0.60822
2.3911	0.61153
2.4011	0.61472
2.4111	0.61781
2.4211	0.62085
2.4311	0.62386
2.4411	0.62688
2.4511	0.62994
2.4611	0.63308
2.4711	0.63634
2.4811	0.63975
2.4911	0.64335
2.5011	0.64718
2.5111	0.65126
2.5211	0.65561
2.5311	0.66027
2.5411	0.66525
2.5512	0.67057
2.5612	0.67622
2.5712	0.68221
2.5812	0.68854
2.5912	0.69522
2.6012	0.70223
2.6112	0.70956
2.6212	0.7172
2.6312	0.72515
2.6412	0.7334
2.6512	0.74192
2.6612	0.75073
2.6712	0.75979
2.6812	0.7691
2.6912	0.77864
2.7012	0.78838
2.7112	0.79829
2.7212	0.80835
2.7312	0.81852
2.7412	0.82879
2.7512	0.83913
2.7612	0.8495
2.7713	0.8599
2.7813	0.87031
2.7913	0.88071
2.8013	0.89111
2.8113	0.90149
2.8213	0.91184
2.8313	0.92217
2.8413	0.93246
2.8513	0.9427
2.8613	0.95289
2.8713	0.96298
2.8813	0.97298
2.8913	0.98285
2.9013	0.99256
2.9113	1.0021
2.9213	1.0115
2.9313	1.0206
2.9413	1.0296
2.9513	1.0384
2.9613	1.0469
2.9713	1.0553
2.9813	1.0635
2.9914	1.0715
3.0014	1.0793
3.0114	1.087
3.0214	1.0944
3.0314	1.1017
3.0414	1.1087
3.0514	1.1156
3.0614	1.1223
3.0714	1.1289
3.0814	1.1352
3.0914	1.1414
3.1014	1.1475
3.1114	1.1533
3.1214	1.159
3.1314	1.1646
3.1414	1.1699
3.1514	1.1751
3.1614	1.1801
3.1714	1.1849
3.1814	1.1896
3.1914	1.1941
3.2014	1.1983
3.2115	1.2025
3.2215	1.2064
3.2315	1.2103
3.2415	1.214
3.2515	1.2175
3.2615	1.221
3.2715	1.2243
3.2815	1.2275
3.2915	1.2306
3.3015	1.2336
3.3115	1.2365
3.3215	1.2393
3.3315	1.2421
3.3415	1.2448
3.3515	1.2475
3.3615	1.2503
3.3715	1.2531
3.3815	1.256
3.3915	1.2589
3.4015	1.2619
3.4115	1.2649
3.4215	1.268
3.4316	1.2711
3.4416	1.2743
3.4516	1.2776
3.4616	1.281
3.4716	1.2845
3.4816	1.2882
3.4916	1.2919
3.5016	1.2958
3.5116	1.2999
3.5216	1.3042
3.5316	1.3086
3.5416	1.3132
3.5516	1.318
3.5616	1.3231
3.5716	1.3283
3.5816	1.3338
3.5916	1.3394
3.6016	1.3453
3.6116	1.3513
3.6216	1.3575
3.6316	1.3639
3.6416	1.3703
3.6516	1.3769
3.6617	1.3835
3.6717	1.3902
3.6817	1.3969
3.6917	1.4036
3.7017	1.4104
3.7117	1.4173
3.7217	1.4241
3.7317	1.431
3.7417	1.438
3.7517	1.445
3.7617	1.4519
3.7717	1.4589
3.7817	1.466
3.7917	1.473
3.8017	1.48
3.8117	1.487
3.8217	1.4941
3.8317	1.5011
3.8417	1.5081
3.8517	1.515
3.8617	1.522
3.8717	1.5289
3.8818	1.5358
3.8918	1.5426
3.9018	1.5493
3.9118	1.556
3.9218	1.5626
3.9318	1.5691
3.9418	1.5755
3.9518	1.5818
3.9618	1.588
3.9718	1.5942
3.9818	1.6003
3.9918	1.6063
4.0018	1.6122
4.0118	1.618
4.0218	1.6238
4.0318	1.6295
4.0418	1.6352
4.0518	1.6409
4.0618	1.6465
4.0718	1.6522
4.0818	1.6579
4.0918	1.6635
4.1019	1.6691
4.1119	1.6748
4.1219	1.6804
4.1319	1.6859
4.1419	1.6914
4.1519	1.6968
4.1619	1.7021
4.1719	1.7073
4.1819	1.7124
4.1919	1.7175
4.2019	1.7224
4.2119	1.7273
4.2219	1.7321
4.2319	1.7368
4.2419	1.7415
4.2519	1.7461
4.2619	1.7506
4.2719	1.7551
4.2819	1.7594
4.2919	1.7637
4.3019	1.7679
4.3119	1.7721
4.322	1.7762
4.332	1.7804
4.342	1.7845
4.352	1.7888
4.362	1.7931
4.372	1.7975
4.382	1.8021
4.392	1.8068
4.402	1.8118
4.412	1.817
4.422	1.8223
4.432	1.828
4.442	1.8339
4.452	1.84
4.462	1.8464
4.472	1.853
4.482	1.8598
4.492	1.8668
4.502	1.8741
4.512	1.8815
4.522	1.8892
4.532	1.897
4.5421	1.905
4.5521	1.9132
4.5621	1.9216
4.5721	1.9301
4.5821	1.9389
4.5921	1.9479
4.6021	1.9571
4.6121	1.9665
4.6221	1.9761
4.6321	1.986
4.6421	1.9961
4.6521	2.0063
4.6621	2.0167
4.6721	2.0273
4.6821	2.038
4.6921	2.0488
4.7021	2.0597
4.7121	2.0706
4.7221	2.0815
4.7321	2.0924
4.7421	2.1032
4.7521	2.1141
4.7622	2.125
4.7722	2.1358
4.7822	2.1466
4.7922	2.1574
4.8022	2.1683
4.8122	2.1791
4.8222	2.19
4.8322	2.2008
4.8422	2.2117
4.8522	2.2225
4.8622	2.2332
4.8722	2.2439
4.8822	2.2545
4.8922	2.265
4.9022	2.2754
4.9122	2.2857
4.9222	2.2958
4.9322	2.3058
4.9422	2.3157
4.9522	2.3254
4.9622	2.3351
4.9722	2.3446
4.9823	2.354
4.9923	2.3634
5.0023	2.3727
5.0123	2.3821
5.0223	2.3914
5.0323	2.4008
5.0423	2.4103
5.0523	2.4199
5.0623	2.4297
5.0723	2.4397
5.0823	2.4499
5.0923	2.4605
5.1023	2.4713
5.1123	2.4824
5.1223	2.4939
5.1323	2.5056
5.1423	2.5178
5.1523	2.5302
5.1623	2.543
5.1723	2.5561
5.1823	2.5695
5.1923	2.5833
5.2024	2.5972
5.2124	2.6115
5.2224	2.6259
5.2324	2.6405
5.2424	2.6552
5.2524	2.6701
5.2624	2.685
5.2724	2.6999
5.2824	2.7148
5.2924	2.7298
5.3024	2.7446
5.3124	2.7594
5.3224	2.7741
5.3324	2.7886
5.3424	2.8029
5.3524	2.8169
5.3624	2.8307
5.3724	2.8441
5.3824	2.8572
5.3924	2.8699
5.4024	2.8822
5.4124	2.8941
5.4225	2.9056
5.4325	2.9166
5.4425	2.9272
5.4525	2.9373
5.4625	2.9469
5.4725	2.9559
5.4825	2.9644
5.4925	2.9724
5.5025	2.9797
5.5125	2.9865
5.5225	2.9926
5.5325	2.9982
5.5425	3.0032
5.5525	3.0076
5.5625	3.0114
5.5725	3.0146
5.5825	3.0174
5.5925	3.0196
5.6025	3.0213
5.6125	3.0226
5.6225	3.0235
5.6325	3.0239
5.6425	3.024
5.6526	3.0238
5.6626	3.0231
5.6726	3.0222
5.6826	3.0209
5.6926	3.0192
5.7026	3.0173
5.7126	3.0149
5.7226	3.0122
5.7326	3.0091
5.7426	3.0056
5.7526	3.0018
5.7626	2.9975
5.7726	2.9928
5.7826	2.9877
5.7926	2.9823
5.8026	2.9764
5.8126	2.9701
5.8226	2.9635
5.8326	2.9565
5.8426	2.9491
5.8526	2.9415
5.8626	2.9336
5.8727	2.9254
5.8827	2.917
5.8927	2.9084
5.9027	2.8996
5.9127	2.8905
5.9227	2.8813
5.9327	2.8718
5.9427	2.8621
5.9527	2.8522
5.9627	2.842
5.9727	2.8316
5.9827	2.8209
5.9927	2.81
6.0027	2.7989
6.0127	2.7876
6.0227	2.7762
6.0327	2.7645
6.0427	2.7527
6.0527	2.7407
6.0627	2.7286
6.0727	2.7164
6.0827	2.704
6.0928	2.6915
6.1028	2.6789
6.1128	2.6663
6.1228	2.6536
6.1328	2.6409
6.1428	2.6282
6.1528	2.6156
6.1628	2.6031
6.1728	2.5908
6.1828	2.5787
6.1928	2.5668
6.2028	2.5552
6.2128	2.5439
6.2228	2.533
6.2328	2.5224
6.2428	2.5123
6.2528	2.5027
6.2628	2.4936
6.2728	2.485
6.2828	2.477
6.2928	2.4696
6.3028	2.4627
6.3129	2.4564
6.3229	2.4508
6.3329	2.4457
6.3429	2.4412
6.3529	2.4372
6.3629	2.4338
6.3729	2.431
6.3829	2.4285
6.3929	2.4266
6.4029	2.4251
6.4129	2.4239
6.4229	2.4231
6.4329	2.4225
6.4429	2.4222
6.4529	2.4222
6.4629	2.4222
6.4729	2.4224
6.4829	2.4227
6.4929	2.423
6.5029	2.4232
6.5129	2.4235
6.5229	2.4237
6.533	2.4238
6.543	2.4239
6.553	2.4239
6.563	2.4238
6.573	2.4236
6.583	2.4233
6.593	2.423
6.603	2.4227
6.613	2.4224
6.623	2.4221
6.633	2.4219
6.643	2.4216
6.653	2.4214
6.663	2.4213
6.673	2.4213
6.683	2.4214
6.693	2.4215
6.703	2.4218
6.713	2.4221
6.723	2.4226
6.733	2.4231
6.743	2.4238
6.7531	2.4244
6.7631	2.4251
6.7731	2.4259
6.7831	2.4266
6.7931	2.4274
6.8031	2.4281
6.8131	2.4289
6.8231	2.4296
6.8331	2.4303
6.8431	2.4311
6.8531	2.432
6.8631	2.4329
6.8731	2.4339
6.8831	2.4351
6.8931	2.4364
6.9031	2.4379
6.9131	2.4396
6.9231	2.4416
6.9331	2.4439
6.9431	2.4464
6.9531	2.4493
6.9631	2.4525
6.9732	2.4561
6.9832	2.4601
6.9932	2.4645
7.0032	2.4693
7.0132	2.4745
7.0232	2.4801
7.0332	2.4861
7.0432	2.4925
7.0532	2.4993
7.0632	2.5064
7.0732	2.5138
7.0832	2.5215
7.0932	2.5295
7.1032	2.5376
7.1132	2.5459
7.1232	2.5542
7.1332	2.5627
7.1432	2.5711
7.1532	2.5794
7.1632	2.5876
7.1732	2.5957
7.1832	2.6036
7.1933	2.6112
7.2033	2.6187
7.2133	2.6258
7.2233	2.6327
7.2333	2.6392
7.2433	2.6455
7.2533	2.6515
7.2633	2.6572
7.2733	2.6626
7.2833	2.6678
7.2933	2.6727
7.3033	2.6773
7.3133	2.6817
7.3233	2.6859
7.3333	2.6898
7.3433	2.6935
7.3533	2.6969
7.3633	2.7001
7.3733	2.703
7.3833	2.7058
7.3933	2.7083
7.4033	2.7107
7.4133	2.7129
7.4234	2.7149
7.4334	2.7168
7.4434	2.7185
7.4534	2.7201
7.4634	2.7216
7.4734	2.7229
7.4834	2.7241
7.4934	2.7251
7.5034	2.726
7.5134	2.7268
7.5234	2.7275
7.5334	2.728
7.5434	2.7284
7.5534	2.7287
7.5634	2.7289
7.5734	2.7289
7.5834	2.7289
7.5934	2.7287
7.6034	2.7285
7.6134	2.7282
7.6234	2.7277
7.6334	2.7272
7.6435	2.7266
7.6535	2.7259
7.6635	2.7251
7.6735	2.7242
7.6835	2.7233
7.6935	2.7223
7.7035	2.7213
7.7135	2.7203
7.7235	2.7192
7.7335	2.7182
7.7435	2.7172
7.7535	2.7161
7.7635	2.7151
7.7735	2.714
7.7835	2.713
7.7935	2.7119
7.8035	2.7109
7.8135	2.7099
7.8235	2.709
7.8335	2.7081
7.8435	2.7072
7.8535	2.7064
7.8636	2.7056
7.8736	2.7048
7.8836	2.7041
7.8936	2.7035
7.9036	2.703
7.9136	2.7026
7.9236	2.7023
7.9336	2.7022
7.9436	2.7023
7.9536	2.7025
7.9636	2.703
7.9736	2.7038
7.9836	2.7048
7.9936	2.7061
8.0036	2.7078
8.0136	2.7097
8.0236	2.712
8.0336	2.7146
8.0436	2.7175
8.0536	2.7208
8.0636	2.7243
8.0736	2.7282
8.0837	2.7324
8.0937	2.7368
8.1037	2.7416
8.1137	2.7465
8.1237	2.7517
8.1337	2.7571
8.1437	2.7627
8.1537	2.7683
8.1637	2.774
8.1737	2.7798
8.1837	2.7855
8.1937	2.7913
8.2037	2.797
8.2137	2.8026
8.2237	2.8082
8.2337	2.8138
8.2437	2.8192
8.2537	2.8246
8.2637	2.83
8.2737	2.8352
8.2837	2.8404
8.2937	2.8455
8.3038	2.8505
8.3138	2.8555
8.3238	2.8605
8.3338	2.8654
8.3438	2.8703
8.3538	2.8752
8.3638	2.88
8.3738	2.8848
8.3838	2.8895
8.3938	2.8942
8.4038	2.8987
8.4138	2.9031
8.4238	2.9073
8.4338	2.9113
8.4438	2.9151
8.4538	2.9186
8.4638	2.9218
8.4738	2.9247
8.4838	2.9272
8.4938	2.9293
8.5038	2.931
8.5138	2.9323
8.5239	2.9333
8.5339	2.9337
8.5439	2.9338
8.5539	2.9334
8.5639	2.9326
8.5739	2.9314
8.5839	2.9298
8.5939	2.9277
8.6039	2.9252
8.6139	2.9223
8.6239	2.919
8.6339	2.9154
8.6439	2.9114
8.6539	2.9071
8.6639	2.9025
8.6739	2.8976
8.6839	2.8924
8.6939	2.887
8.7039	2.8814
8.7139	2.8755
8.7239	2.8694
8.7339	2.8632
8.744	2.8569
8.754	2.8504
8.764	2.8439
8.774	2.8373
8.784	2.8307
8.794	2.8241
8.804	2.8176
8.814	2.8111
8.824	2.8047
8.834	2.7984
8.844	2.7924
8.854	2.7866
8.864	2.781
8.874	2.7758
8.884	2.7708
8.894	2.7663
8.904	2.7621
8.914	2.7583
8.924	2.755
8.934	2.752
8.944	2.7495
8.954	2.7474
8.9641	2.7458
8.9741	2.7445
8.9841	2.7436
8.9941	2.743
9.0041	2.7428
9.0141	2.7429
9.0241	2.7433
9.0341	2.7439
9.0441	2.7446
9.0541	2.7456
9.0641	2.7466
9.0741	2.7477
9.0841	2.7489
9.0941	2.7501
9.1041	2.7514
9.1141	2.7527
9.1241	2.7539
9.1341	2.7551
9.1441	2.7563
9.1541	2.7573
9.1641	2.7583
9.1741	2.7592
9.1841	2.7601
9.1942	2.7608
9.2042	2.7614
9.2142	2.762
9.2242	2.7625
9.2342	2.7628
9.2442	2.7631
9.2542	2.7632
9.2642	2.7632
9.2742	2.763
9.2842	2.7627
9.2942	2.7623
9.3042	2.7616
9.3142	2.7608
9.3242	2.7598
9.3342	2.7586
9.3442	2.7572
9.3542	2.7556
9.3642	2.7539
9.3742	2.752
9.3842	2.7499
9.3942	2.7478
9.4042	2.7456
9.4143	2.7433
9.4243	2.741
9.4343	2.7387
9.4443	2.7366
9.4543	2.7345
9.4643	2.7326
9.4743	2.731
9.4843	2.7295
9.4943	2.7284
9.5043	2.7276
9.5143	2.7271
9.5243	2.727
9.5343	2.7273
9.5443	2.7281
9.5543	2.7293
9.5643	2.7311
9.5743	2.7333
9.5843	2.7361
9.5943	2.7395
9.6043	2.7434
9.6143	2.7478
9.6243	2.7528
9.6344	2.7583
9.6444	2.7643
9.6544	2.7708
9.6644	2.7778
9.6744	2.7852
9.6844	2.793
9.6944	2.8011
9.7044	2.8095
9.7144	2.8182
9.7244	2.8271
9.7344	2.8362
9.7444	2.8454
9.7544	2.8548
9.7644	2.8644
9.7744	2.8739
9.7844	2.8836
9.7944	2.8932
9.8044	2.9027
9.8144	2.9122
9.8244	2.9215
9.8344	2.9306
9.8444	2.9394
9.8545	2.948
9.8645	2.9561
9.8745	2.9639
9.8845	2.9713
9.8945	2.9782
9.9045	2.9846
9.9145	2.9905
9.9245	2.9959
9.9345	3.0008
9.9445	3.0052
9.9545	3.009
9.9645	3.0124
9.9745	3.0152
9.9845	3.0174
9.9945	3.0191
10.005	3.0204
10.015	3.0211
10.025	3.0213
10.035	3.021
10.045	3.0203
10.055	3.0192
10.065	3.0177
10.075	3.0159
10.085	3.0136
10.095	3.0111
10.105	3.0082
10.115	3.0051
10.125	3.0016
10.135	2.9978
10.145	2.9938
10.155	2.9895
10.165	2.985
10.175	2.9803
10.185	2.9755
10.195	2.9705
10.205	2.9654
10.215	2.9604
10.225	2.9553
10.235	2.9503
10.245	2.9454
10.255	2.9407
10.265	2.9361
10.275	2.9317
10.285	2.9276
10.295	2.9238
10.305	2.9203
10.315	2.9172
10.325	2.9144
10.335	2.912
10.345	2.91
10.355	2.9085
10.365	2.9074
10.375	2.9068
10.385	2.9067
10.395	2.9071
10.405	2.9079
10.415	2.9091
10.425	2.9107
10.435	2.9127
10.445	2.9151
10.455	2.9177
10.465	2.9205
10.475	2.9235
10.485	2.9267
10.495	2.93
10.505	2.9333
10.515	2.9366
10.525	2.94
10.535	2.9433
10.545	2.9465
10.555	2.9496
10.565	2.9526
10.575	2.9554
10.585	2.958
10.595	2.9605
10.605	2.9626
10.615	2.9646
10.625	2.9662
10.635	2.9676
10.645	2.9687
10.655	2.9694
10.665	2.9698
10.675	2.9698
10.685	2.9694
10.695	2.9685
10.705	2.9671
10.715	2.9653
10.725	2.9629
10.735	2.96
10.745	2.9565
10.755	2.9526
10.765	2.9481
10.775	2.9432
10.785	2.9377
10.795	2.9318
10.805	2.9255
10.815	2.9188
10.825	2.9117
10.835	2.9044
10.845	2.8967
10.855	2.8889
10.865	2.881
10.875	2.8729
10.885	2.8649
10.895	2.8568
10.905	2.8488
10.915	2.8409
10.925	2.8331
10.935	2.8256
10.945	2.8182
10.955	2.8112
10.965	2.8045
10.975	2.7982
10.985	2.7923
10.995	2.787
11.005	2.7821
11.015	2.7778
11.025	2.7741
11.035	2.771
11.045	2.7684
11.055	2.7665
11.065	2.7651
11.075	2.7644
11.085	2.7643
11.095	2.7648
11.105	2.7659
11.115	2.7676
11.125	2.77
11.135	2.7729
11.145	2.7763
11.155	2.7803
11.165	2.7849
11.175	2.7899
11.185	2.7955
11.195	2.8015
11.205	2.8078
11.215	2.8145
11.225	2.8215
11.235	2.8288
11.245	2.8362
11.255	2.8438
11.265	2.8515
11.275	2.8593
11.285	2.8671
11.295	2.8749
11.305	2.8826
11.315	2.8903
11.325	2.8978
11.335	2.9053
11.345	2.9126
11.355	2.9197
11.365	2.9266
11.375	2.9333
11.385	2.9398
11.395	2.9461
11.405	2.9522
11.415	2.9581
11.425	2.9639
11.435	2.9694
11.445	2.9748
11.455	2.98
11.465	2.985
11.475	2.99
11.485	2.9947
11.495	2.9993
11.505	3.0038
11.515	3.008
11.525	3.0121
11.535	3.016
11.545	3.0197
11.555	3.0231
11.565	3.0264
11.575	3.0294
11.585	3.0323
11.595	3.0349
11.605	3.0374
11.615	3.0397
11.625	3.0419
11.635	3.0439
11.645	3.0458
11.655	3.0475
11.665	3.0491
11.675	3.0505
11.685	3.0518
11.695	3.053
11.705	3.0541
11.715	3.055
11.725	3.0558
11.735	3.0564
11.745	3.0568
11.755	3.057
11.765	3.057
11.775	3.0567
11.785	3.0561
11.795	3.0552
11.805	3.0541
11.815	3.0526
11.825	3.0508
11.835	3.0486
11.845	3.0462
11.855	3.0435
11.865	3.0405
11.875	3.0373
11.885	3.0338
11.895	3.0301
11.905	3.0263
11.915	3.0223
11.925	3.0183
11.935	3.0143
11.945	3.0103
11.955	3.0064
11.965	3.0025
11.975	2.9988
11.985	2.9953
11.995	2.992
12.005	2.989
12.015	2.9863
12.025	2.9839
12.035	2.9818
12.045	2.9802
12.055	2.979
12.065	2.9782
12.075	2.9778
12.085	2.9779
12.095	2.9784
12.105	2.9793
12.115	2.9807
12.125	2.9826
12.135	2.9848
12.145	2.9876
12.155	2.9907
12.165	2.9943
12.176	2.9983
12.186	3.0027
12.196	3.0075
12.206	3.0127
12.216	3.0182
12.226	3.024
12.236	3.03
12.246	3.0363
12.256	3.0428
12.266	3.0494
12.276	3.0562
12.286	3.0631
12.296	3.0701
12.306	3.0771
12.316	3.0842
12.326	3.0913
12.336	3.0985
12.346	3.1057
12.356	3.1128
12.366	3.1199
12.376	3.1271
12.386	3.1341
12.396	3.1412
12.406	3.1482
12.416	3.1551
12.426	3.1619
12.436	3.1686
12.446	3.1752
12.456	3.1817
12.466	3.1879
12.476	3.194
12.486	3.1997
12.496	3.2053
12.506	3.2105
12.516	3.2154
12.526	3.22
12.536	3.2243
12.546	3.2283
12.556	3.2319
12.566	3.2353
12.576	3.2383
12.586	3.2409
12.596	3.2433
12.606	3.2453
12.616	3.2471
12.626	3.2485
12.636	3.2497
12.646	3.2507
12.656	3.2514
12.666	3.252
12.676	3.2523
12.686	3.2525
12.696	3.2525
12.706	3.2524
12.716	3.2522
12.726	3.2519
12.736	3.2515
12.746	3.2511
12.756	3.2506
12.766	3.2501
12.776	3.2496
12.786	3.2491
12.796	3.2486
12.806	3.2481
12.816	3.2477
12.826	3.2472
12.836	3.2467
12.846	3.2462
12.856	3.2458
12.866	3.2453
12.876	3.2449
12.886	3.2445
12.896	3.244
12.906	3.2435
12.916	3.243
12.926	3.2424
12.936	3.2417
12.946	3.241
12.956	3.2401
12.966	3.2392
12.976	3.2382
12.986	3.2371
12.996	3.2359
13.006	3.2346
13.016	3.2332
13.026	3.2318
13.036	3.2302
13.046	3.2286
13.056	3.2269
13.066	3.2251
13.076	3.2233
13.086	3.2214
13.096	3.2194
13.106	3.2174
13.116	3.2154
13.126	3.2133
13.136	3.2112
13.146	3.2092
13.156	3.2071
13.166	3.205
13.176	3.203
13.186	3.201
13.196	3.199
13.206	3.1972
13.216	3.1953
13.226	3.1936
13.236	3.192
13.246	3.1904
13.256	3.1889
13.266	3.1874
13.276	3.186
13.286	3.1846
13.296	3.1832
13.306	3.1817
13.316	3.1801
13.326	3.1784
13.336	3.1766
13.346	3.1747
13.356	3.1726
13.366	3.1702
13.376	3.1677
13.386	3.165
13.396	3.162
13.406	3.1588
13.416	3.1554
13.426	3.1518
13.436	3.148
13.446	3.1441
13.456	3.14
13.466	3.1358
13.476	3.1315
13.486	3.1271
13.496	3.1225
13.506	3.1179
13.516	3.1132
13.526	3.1084
13.536	3.1035
13.546	3.0985
13.556	3.0934
13.566	3.0882
13.576	3.083
13.586	3.0777
13.596	3.0724
13.606	3.0671
13.616	3.0618
13.626	3.0564
13.636	3.0511
13.646	3.0458
13.656	3.0405
13.666	3.0352
13.676	3.0301
13.686	3.025
13.696	3.0202
13.706	3.0155
13.716	3.0111
13.726	3.0069
13.736	3.0031
13.746	2.9995
13.756	2.9963
13.766	2.9935
13.776	2.9909
13.786	2.9887
13.796	2.9869
13.806	2.9854
13.816	2.9842
13.826	2.9834
13.836	2.9829
13.846	2.9827
13.856	2.9828
13.866	2.9832
13.876	2.9838
13.886	2.9846
13.896	2.9857
13.906	2.9869
13.916	2.9883
13.926	2.9899
13.936	2.9916
13.946	2.9933
13.956	2.9951
13.966	2.9969
13.976	2.9986
13.986	3.0003
13.996	3.0019
14.006	3.0033
14.016	3.0046
14.026	3.0057
14.036	3.0065
14.046	3.0072
14.056	3.0077
14.066	3.0078
14.076	3.0077
14.086	3.0073
14.096	3.0066
14.106	3.0055
14.116	3.004
14.126	3.0021
14.136	2.9998
14.146	2.997
14.156	2.9938
14.166	2.9902
14.176	2.9861
14.186	2.9816
14.196	2.9767
14.206	2.9714
14.216	2.9657
14.226	2.9597
14.236	2.9533
14.246	2.9466
14.256	2.9396
14.266	2.9324
14.276	2.9249
14.286	2.9173
14.296	2.9096
14.306	2.9017
14.316	2.8937
14.326	2.8857
14.336	2.8777
14.346	2.8697
14.356	2.8617
14.366	2.8538
14.376	2.8461
14.387	2.8386
14.397	2.8313
14.407	2.8243
14.417	2.8176
14.427	2.8113
14.437	2.8053
14.447	2.7998
14.457	2.7948
14.467	2.7902
14.477	2.786
14.487	2.7824
14.497	2.7792
14.507	2.7765
14.517	2.7743
14.527	2.7726
14.537	2.7713
14.547	2.7705
14.557	2.7701
14.567	2.7701
14.577	2.7705
14.587	2.7712
14.597	2.7722
14.607	2.7734
14.617	2.7749
14.627	2.7766
14.637	2.7784
14.647	2.7804
14.657	2.7823
14.667	2.7843
14.677	2.7863
14.687	2.7883
14.697	2.7902
14.707	2.7921
14.717	2.7938
14.727	2.7955
14.737	2.7971
14.747	2.7985
14.757	2.7999
14.767	2.8012
14.777	2.8025
14.787	2.8037
14.797	2.8048
14.807	2.806
14.817	2.8073
14.827	2.8085
14.837	2.8099
14.847	2.8113
14.857	2.8128
14.867	2.8143
14.877	2.816
14.887	2.8177
14.897	2.8195
14.907	2.8214
14.917	2.8233
14.927	2.8254
14.937	2.8275
14.947	2.8297
14.957	2.832
14.967	2.8344
14.977	2.8369
14.987	2.8395
14.997	2.8421
15.007	2.8448
15.017	2.8477
15.027	2.8507
15.037	2.8539
15.047	2.8573
15.057	2.8609
15.067	2.8647
15.077	2.8687
15.087	2.8729
15.097	2.8773
15.107	2.8818
15.117	2.8865
15.127	2.8914
15.137	2.8963
15.147	2.9013
15.157	2.9063
15.167	2.9113
15.177	2.9163
15.187	2.9212
15.197	2.926
15.207	2.9306
15.217	2.935
15.227	2.9392
15.237	2.9432
15.247	2.9469
15.257	2.9504
15.267	2.9535
15.277	2.9564
15.287	2.9589
15.297	2.9612
15.307	2.9631
15.317	2.9647
15.327	2.966
15.337	2.967
15.347	2.9677
15.357	2.9682
15.367	2.9684
15.377	2.9684
15.387	2.9682
15.397	2.9677
15.407	2.9671
15.417	2.9663
15.427	2.9653
15.437	2.9642
15.447	2.9629
15.457	2.9616
15.467	2.9602
15.477	2.9587
15.487	2.9573
15.497	2.9559
15.507	2.9546
15.517	2.9534
15.527	2.9523
15.537	2.9512
15.547	2.9503
15.557	2.9496
15.567	2.9489
15.577	2.9484
15.587	2.9481
15.597	2.9478
15.607	2.9477
15.617	2.9477
15.627	2.9478
15.637	2.948
15.647	2.9482
15.657	2.9485
15.667	2.9488
15.677	2.9492
15.687	2.9496
15.697	2.95
15.707	2.9504
15.717	2.9508
15.727	2.9511
15.737	2.9513
15.747	2.9515
15.757	2.9516
15.767	2.9516
15.777	2.9514
15.787	2.9512
15.797	2.9508
15.807	2.9502
15.817	2.9495
15.827	2.9486
15.837	2.9475
15.847	2.9461
15.857	2.9446
15.867	2.9428
15.877	2.9409
15.887	2.9387
15.897	2.9364
15.907	2.9339
15.917	2.9313
15.927	2.9286
15.937	2.9257
15.947	2.9228
15.957	2.9198
15.967	2.9167
15.977	2.9136
15.987	2.9105
15.997	2.9074
16.007	2.9044
16.017	2.9015
16.027	2.8987
16.037	2.896
16.047	2.8934
16.057	2.8909
16.067	2.8885
16.077	2.8863
16.087	2.8842
16.097	2.8822
16.107	2.8804
16.117	2.8788
16.127	2.8773
16.137	2.876
16.147	2.8748
16.157	2.8738
16.167	2.873
16.177	2.8723
16.187	2.8719
16.197	2.8717
16.207	2.8717
16.217	2.8719
16.227	2.8723
16.237	2.8729
16.247	2.8738
16.257	2.8749
16.267	2.8761
16.277	2.8775
16.287	2.8791
16.297	2.8808
16.307	2.8825
16.317	2.8844
16.327	2.8863
16.337	2.8882
16.347	2.8901
16.357	2.8921
16.367	2.894
16.377	2.896
16.387	2.898
16.397	2.8999
16.407	2.9018
16.417	2.9037
16.427	2.9056
16.437	2.9073
16.447	2.9089
16.457	2.9103
16.467	2.9116
16.477	2.9126
16.487	2.9134
16.497	2.914
16.507	2.9143
16.517	2.9143
16.527	2.9141
16.537	2.9136
16.547	2.9129
16.557	2.912
16.567	2.9109
16.577	2.9095
16.587	2.9081
16.597	2.9065
16.608	2.9049
16.618	2.9032
16.628	2.9015
16.638	2.8997
16.648	2.898
16.658	2.8962
16.668	2.8945
16.678	2.8927
16.688	2.891
16.698	2.8892
16.708	2.8875
16.718	2.8858
16.728	2.8841
16.738	2.8825
16.748	2.881
16.758	2.8795
16.768	2.8782
16.778	2.877
16.788	2.8759
16.798	2.875
16.808	2.8742
16.818	2.8736
16.828	2.8733
16.838	2.8731
16.848	2.8733
16.858	2.8736
16.868	2.8743
16.878	2.8752
16.888	2.8764
16.898	2.878
16.908	2.8798
16.918	2.882
16.928	2.8844
16.938	2.8871
16.948	2.8901
16.958	2.8934
16.968	2.897
16.978	2.9008
16.988	2.9048
16.998	2.9091
17.008	2.9135
17.018	2.9182
17.028	2.923
17.038	2.928
17.048	2.9332
17.058	2.9385
17.068	2.944
17.078	2.9497
17.088	2.9555
17.098	2.9616
17.108	2.9678
17.118	2.9742
17.128	2.9807
17.138	2.9874
17.148	2.9942
17.158	3.001
17.168	3.0079
17.178	3.0148
17.188	3.0217
17.198	3.0285
17.208	3.0352
17.218	3.0417
17.228	3.0481
17.238	3.0542
17.248	3.0601
17.258	3.0657
17.268	3.0709
17.278	3.0758
17.288	3.0804
17.298	3.0845
17.308	3.0883
17.318	3.0917
17.328	3.0946
17.338	3.0972
17.348	3.0993
17.358	3.1011
17.368	3.1024
17.378	3.1032
17.388	3.1036
17.398	3.1036
17.408	3.1032
17.418	3.1023
17.428	3.101
17.438	3.0993
17.448	3.0971
17.458	3.0946
17.468	3.0917
17.478	3.0884
17.488	3.0848
17.498	3.0808
17.508	3.0766
17.518	3.0722
17.528	3.0676
17.538	3.0628
17.548	3.0579
17.558	3.0529
17.568	3.0478
17.578	3.0427
17.588	3.0377
17.598	3.0327
17.608	3.0277
17.618	3.0229
17.628	3.0182
17.638	3.0136
17.648	3.0092
17.658	3.005
17.668	3.001
17.678	2.9973
17.688	2.9937
17.698	2.9904
17.708	2.9873
17.718	2.9845
17.728	2.9819
17.738	2.9795
17.748	2.9774
17.758	2.9754
17.768	2.9736
17.778	2.9721
17.788	2.9706
17.798	2.9693
17.808	2.9682
17.818	2.9672
17.828	2.9663
17.838	2.9656
17.848	2.9649
17.858	2.9644
17.868	2.9638
17.878	2.9633
17.888	2.9628
17.898	2.9622
17.908	2.9616
17.918	2.9609
17.928	2.9601
17.938	2.9592
17.948	2.9582
17.958	2.9571
17.968	2.9558
17.978	2.9544
17.988	2.9528
17.998	2.951
18.008	2.949
18.018	2.9469
18.028	2.9445
18.038	2.942
18.048	2.9393
18.058	2.9364
18.068	2.9335
18.078	2.9304
18.088	2.9273
18.098	2.9241
18.108	2.921
18.118	2.9179
18.128	2.9149
18.138	2.9121
18.148	2.9094
18.158	2.9069
18.168	2.9046
18.178	2.9025
18.188	2.9007
18.198	2.8991
18.208	2.8977
18.218	2.8966
18.228	2.8958
18.238	2.8952
18.248	2.8949
18.258	2.8948
18.268	2.895
18.278	2.8955
18.288	2.8963
18.298	2.8974
18.308	2.8987
18.318	2.9002
18.328	2.902
18.338	2.904
18.348	2.9062
18.358	2.9085
18.368	2.911
18.378	2.9136
18.388	2.9163
18.398	2.9191
18.408	2.922
18.418	2.9249
18.428	2.9279
18.438	2.9308
18.448	2.9336
18.458	2.9364
18.468	2.9391
18.478	2.9417
18.488	2.944
18.498	2.9462
18.508	2.9481
18.518	2.9497
18.528	2.9511
18.538	2.9522
18.548	2.953
18.558	2.9535
18.568	2.9537
18.578	2.9536
18.588	2.9532
18.598	2.9526
18.608	2.9517
18.618	2.9507
18.628	2.9494
18.638	2.9481
18.648	2.9466
18.658	2.9451
18.668	2.9435
18.678	2.942
18.688	2.9404
18.698	2.939
18.708	2.9376
18.718	2.9362
18.728	2.935
18.738	2.9338
18.748	2.9327
18.758	2.9317
18.768	2.9309
18.778	2.9301
18.788	2.9295
18.798	2.9289
18.808	2.9285
18.819	2.9283
18.829	2.9281
18.839	2.928
18.849	2.928
18.859	2.9281
18.869	2.9283
18.879	2.9286
18.889	2.929
18.899	2.9295
18.909	2.9301
18.919	2.9309
18.929	2.9318
18.939	2.9328
18.949	2.9339
18.959	2.9351
18.969	2.9364
18.979	2.9378
18.989	2.9392
18.999	2.9407
19.009	2.9422
19.019	2.9437
19.029	2.9452
19.039	2.9466
19.049	2.9479
19.059	2.949
19.069	2.95
19.079	2.9507
19.089	2.9512
19.099	2.9514
19.109	2.9514
19.119	2.951
19.129	2.9503
19.139	2.9493
19.149	2.948
19.159	2.9463
19.169	2.9443
19.179	2.9418
19.189	2.939
19.199	2.9359
19.209	2.9323
19.219	2.9284
19.229	2.9241
19.239	2.9195
19.249	2.9146
19.259	2.9093
19.269	2.9037
19.279	2.8978
19.289	2.8916
19.299	2.8851
19.309	2.8785
19.319	2.8717
19.329	2.8647
19.339	2.8577
19.349	2.8506
19.359	2.8435
19.369	2.8365
19.379	2.8296
19.389	2.8227
19.399	2.816
19.409	2.8095
19.419	2.8031
19.429	2.7969
19.439	2.791
19.449	2.7852
19.459	2.7797
19.469	2.7745
19.479	2.7695
19.489	2.7649
19.499	2.7607
19.509	2.7568
19.519	2.7533
19.529	2.7502
19.539	2.7475
19.549	2.7452
19.559	2.7434
19.569	2.742
19.579	2.741
19.589	2.7404
19.599	2.7403
19.609	2.7405
19.619	2.7412
19.629	2.7422
19.639	2.7435
19.649	2.7451
19.659	2.747
19.669	2.7492
19.679	2.7515
19.689	2.7541
19.699	2.7568
19.709	2.7597
19.719	2.7627
19.729	2.7658
19.739	2.769
19.749	2.7723
19.759	2.7756
19.769	2.779
19.779	2.7823
19.789	2.7856
19.799	2.7889
19.809	2.7919
19.819	2.7948
19.829	2.7975
19.839	2.7999
19.849	2.802
19.859	2.8037
19.869	2.8051
19.879	2.8061
19.889	2.8067
19.899	2.8069
19.909	2.8067
19.919	2.8061
19.929	2.8052
19.939	2.8038
19.949	2.802
19.959	2.7999
19.969	2.7975
19.979	2.7947
19.989	2.7917
19.999	2.7884
20.009	2.785
20.019	2.7813
20.029	2.7776
20.039	2.7738
20.049	2.77
20.059	2.7663
20.069	2.7626
20.079	2.7592
20.089	2.7558
20.099	2.7527
20.109	2.7499
20.119	2.7473
20.129	2.745
20.139	2.743
20.149	2.7414
20.159	2.7401
20.169	2.7392
20.179	2.7386
20.189	2.7384
20.199	2.7385
20.209	2.739
20.219	2.7398
20.229	2.7409
20.239	2.7423
20.249	2.7439
20.259	2.7458
20.269	2.7479
20.279	2.7501
20.289	2.7525
20.299	2.7549
20.309	2.7575
20.319	2.76
20.329	2.7626
20.339	2.7652
20.349	2.7678
20.359	2.7703
20.369	2.7727
20.379	2.775
20.389	2.7772
20.399	2.7792
20.409	2.7811
20.419	2.7828
20.429	2.7842
20.439	2.7854
20.449	2.7864
20.459	2.7871
20.469	2.7877
20.479	2.788
20.489	2.7881
20.499	2.788
20.509	2.7877
20.519	2.7873
20.529	2.7868
20.539	2.7861
20.549	2.7853
20.559	2.7843
20.569	2.7832
20.579	2.782
20.589	2.7806
20.599	2.7792
20.609	2.7776
20.619	2.776
20.629	2.7743
20.639	2.7725
20.649	2.7708
20.659	2.7691
20.669	2.7674
20.679	2.7658
20.689	2.7643
20.699	2.7628
20.709	2.7615
20.719	2.7603
20.729	2.7593
20.739	2.7584
20.749	2.7577
20.759	2.7572
20.769	2.7569
20.779	2.7568
20.789	2.7569
20.799	2.7571
20.809	2.7575
20.819	2.758
20.829	2.7586
20.839	2.7593
20.849	2.7601
20.859	2.761
20.869	2.762
20.879	2.763
20.889	2.7641
20.899	2.7652
20.909	2.7663
20.919	2.7674
20.929	2.7685
20.939	2.7695
20.949	2.7704
20.959	2.7712
20.969	2.7718
20.979	2.7723
20.989	2.7725
20.999	2.7725
21.009	2.7723
21.019	2.7719
21.03	2.7713
21.04	2.7704
21.05	2.7693
21.06	2.7681
21.07	2.7667
21.08	2.7652
21.09	2.7635
21.1	2.7618
21.11	2.76
21.12	2.7581
21.13	2.7563
21.14	2.7545
21.15	2.7528
21.16	2.7511
21.17	2.7495
21.18	2.748
21.19	2.7466
21.2	2.7453
21.21	2.7441
21.22	2.743
21.23	2.742
21.24	2.7411
21.25	2.7403
21.26	2.7395
21.27	2.7388
21.28	2.7382
21.29	2.7377
21.3	2.7374
21.31	2.7372
21.32	2.7371
21.33	2.7371
21.34	2.7372
21.35	2.7374
21.36	2.7378
21.37	2.7382
21.38	2.7387
21.39	2.7393
21.4	2.7399
21.41	2.7406
21.42	2.7412
21.43	2.7419
21.44	2.7424
21.45	2.7429
21.46	2.7433
21.47	2.7435
21.48	2.7437
21.49	2.7437
21.5	2.7435
21.51	2.7432
21.52	2.7427
21.53	2.742
21.54	2.7411
21.55	2.74
21.56	2.7387
21.57	2.7373
21.58	2.7357
21.59	2.7339
21.6	2.732
21.61	2.7298
21.62	2.7275
21.63	2.7249
21.64	2.7222
21.65	2.7194
21.66	2.7163
21.67	2.7132
21.68	2.7099
21.69	2.7066
21.7	2.7031
21.71	2.6996
21.72	2.696
21.73	2.6923
21.74	2.6885
21.75	2.6845
21.76	2.6805
21.77	2.6764
21.78	2.6722
21.79	2.6678
21.8	2.6635
21.81	2.659
21.82	2.6546
21.83	2.6501
21.84	2.6457
21.85	2.6414
21.86	2.6371
21.87	2.6329
21.88	2.6289
21.89	2.625
21.9	2.6212
21.91	2.6175
21.92	2.6139
21.93	2.6104
21.94	2.607
21.95	2.6037
21.96	2.6005
21.97	2.5974
21.98	2.5944
21.99	2.5915
22	2.5887
22.01	2.5862
22.02	2.5838
22.03	2.5816
22.04	2.5797
22.05	2.5779
22.06	2.5764
22.07	2.5751
22.08	2.574
22.09	2.573
22.1	2.5723
22.11	2.5717
22.12	2.5713
22.13	2.5711
22.14	2.5711
22.15	2.5712
22.16	2.5716
22.17	2.5721
22.18	2.5728
22.19	2.5736
22.2	2.5746
22.21	2.5757
22.22	2.577
22.23	2.5783
22.24	2.5797
22.25	2.5812
22.26	2.5828
22.27	2.5844
22.28	2.5861
22.29	2.5879
22.3	2.5898
22.31	2.5918
22.32	2.5938
22.33	2.5958
22.34	2.5979
22.35	2.6001
22.36	2.6022
22.37	2.6044
22.38	2.6065
22.39	2.6087
22.4	2.6107
22.41	2.6127
22.42	2.6146
22.43	2.6164
22.44	2.6181
22.45	2.6196
22.46	2.6209
22.47	2.6219
22.48	2.6228
22.49	2.6234
22.5	2.6238
22.51	2.6239
22.52	2.6238
22.53	2.6234
22.54	2.6227
22.55	2.6218
22.56	2.6206
22.57	2.6191
22.58	2.6175
22.59	2.6155
22.6	2.6134
22.61	2.6109
22.62	2.6082
22.63	2.6052
22.64	2.6019
22.65	2.5984
22.66	2.5944
22.67	2.5902
22.68	2.5857
22.69	2.5808
22.7	2.5757
22.71	2.5703
22.72	2.5646
22.73	2.5588
22.74	2.5527
22.75	2.5465
22.76	2.5402
22.77	2.5338
22.78	2.5273
22.79	2.5209
22.8	2.5145
22.81	2.5082
22.82	2.5019
22.83	2.4958
22.84	2.4897
22.85	2.4838
22.86	2.4781
22.87	2.4725
22.88	2.4671
22.89	2.4619
22.9	2.4569
22.91	2.4521
22.92	2.4474
22.93	2.443
22.94	2.4388
22.95	2.4348
22.96	2.4309
22.97	2.4273
22.98	2.4238
22.99	2.4205
23	2.4173
23.01	2.4141
23.02	2.4111
23.03	2.4081
23.04	2.4051
23.05	2.4021
23.06	2.3991
23.07	2.3961
23.08	2.393
23.09	2.3899
23.1	2.3867
23.11	2.3835
23.12	2.3801
23.13	2.3767
23.14	2.3731
23.15	2.3693
23.16	2.3654
23.17	2.3613
23.18	2.357
23.19	2.3525
23.2	2.3479
23.21	2.3431
23.22	2.3382
23.23	2.3331
23.241	2.328
23.251	2.3227
23.261	2.3174
23.271	2.3119
23.281	2.3063
23.291	2.3007
23.301	2.2948
23.311	2.2888
23.321	2.2827
23.331	2.2764
23.341	2.2699
23.351	2.2633
23.361	2.2565
23.371	2.2496
23.381	2.2425
23.391	2.2354
23.401	2.2281
23.411	2.2208
23.421	2.2134
23.431	2.206
23.441	2.1985
23.451	2.1911
23.461	2.1837
23.471	2.1763
23.481	2.169
23.491	2.1619
23.501	2.1548
23.511	2.1478
23.521	2.1411
23.531	2.1345
23.541	2.1281
23.551	2.122
23.561	2.1162
23.571	2.1108
23.581	2.1057
23.591	2.1011
23.601	2.0968
23.611	2.0931
23.621	2.0898
23.631	2.087
23.641	2.0846
23.651	2.0828
23.661	2.0814
23.671	2.0805
23.681	2.0801
23.691	2.0802
23.701	2.0807
23.711	2.0817
23.721	2.0832
23.731	2.0851
23.741	2.0875
23.751	2.0904
23.761	2.0938
23.771	2.0976
23.781	2.1018
23.791	2.1065
23.801	2.1116
23.811	2.117
23.821	2.1227
23.831	2.1287
23.841	2.135
23.851	2.1414
23.861	2.148
23.871	2.1546
23.881	2.1612
23.891	2.1677
23.901	2.1742
23.911	2.1804
23.921	2.1865
23.931	2.1923
23.941	2.1979
23.951	2.2031
23.961	2.208
23.971	2.2125
23.981	2.2167
23.991	2.2205
24.001	2.2239
24.011	2.2269
24.021	2.2295
24.031	2.2318
24.041	2.2337
24.051	2.2353
24.061	2.2365
24.071	2.2374
24.081	2.238
24.091	2.2383
24.101	2.2384
24.111	2.2381
24.121	2.2377
24.131	2.237
24.141	2.2362
24.151	2.2351
24.161	2.234
24.171	2.2327
24.181	2.2314
24.191	2.23
24.201	2.2285
24.211	2.227
24.221	2.2255
24.231	2.224
24.241	2.2224
24.251	2.2208
24.261	2.2191
24.271	2.2174
24.281	2.2155
24.291	2.2135
24.301	2.2113
24.311	2.209
24.321	2.2066
24.331	2.204
24.341	2.2012
24.351	2.1983
24.361	2.1952
24.371	2.192
24.381	2.1887
24.391	2.1852
24.401	2.1815
24.411	2.1777
24.421	2.1737
24.431	2.1696
24.441	2.1652
24.451	2.1606
24.461	2.1558
24.471	2.1508
24.481	2.1455
24.491	2.1402
24.501	2.1346
24.511	2.1289
24.521	2.1231
24.531	2.1172
24.541	2.1113
24.551	2.1053
24.561	2.0993
24.571	2.0933
24.581	2.0873
24.591	2.0813
24.601	2.0754
24.611	2.0695
24.621	2.0637
24.631	2.0579
24.641	2.0523
24.651	2.0467
24.661	2.0413
24.671	2.0361
24.681	2.031
24.691	2.0261
24.701	2.0213
24.711	2.0167
24.721	2.0122
24.731	2.0079
24.741	2.0036
24.751	1.9995
24.761	1.9955
24.771	1.9915
24.781	1.9876
24.791	1.9838
24.801	1.98
24.811	1.9763
24.821	1.9726
24.831	1.9691
24.841	1.9655
24.851	1.9621
24.861	1.9588
24.871	1.9555
24.881	1.9523
24.891	1.9493
24.901	1.9463
24.911	1.9434
24.921	1.9406
24.931	1.9379
24.941	1.9353
24.951	1.9327
24.961	1.9301
24.971	1.9276
24.981	1.9251
24.991	1.9227
25.001	1.9203
25.011	1.9179
25.021	1.9156
25.031	1.9132
25.041	1.9109
25.051	1.9085
25.061	1.906
25.071	1.9034
25.081	1.9008
25.091	1.8979
25.101	1.895
25.111	1.8918
25.121	1.8885
25.131	1.885
25.141	1.8814
25.151	1.8776
25.161	1.8736
25.171	1.8695
25.181	1.8653
25.191	1.8609
25.201	1.8564
25.211	1.8518
25.221	1.847
25.231	1.8422
25.241	1.8372
25.251	1.8321
25.261	1.827
25.271	1.8219
25.281	1.8168
25.291	1.8116
25.301	1.8065
25.311	1.8014
25.321	1.7963
25.331	1.7913
25.341	1.7864
25.351	1.7814
25.361	1.7765
25.371	1.7716
25.381	1.7667
25.391	1.7618
25.401	1.7569
25.411	1.7519
25.421	1.7468
25.431	1.7416
25.441	1.7363
25.451	1.7309
25.462	1.7253
25.472	1.7196
25.482	1.7138
25.492	1.7078
25.502	1.7017
25.512	1.6955
25.522	1.6891
25.532	1.6827
25.542	1.6761
25.552	1.6695
25.562	1.6628
25.572	1.6561
25.582	1.6493
25.592	1.6424
25.602	1.6355
25.612	1.6285
25.622	1.6215
25.632	1.6145
25.642	1.6075
25.652	1.6006
25.662	1.5937
25.672	1.5869
25.682	1.5803
25.692	1.5738
25.702	1.5675
25.712	1.5614
25.722	1.5555
25.732	1.5497
25.742	1.5442
25.752	1.5389
25.762	1.5337
25.772	1.5288
25.782	1.5239
25.792	1.5192
25.802	1.5146
25.812	1.5101
25.822	1.5056
25.832	1.5011
25.842	1.4965
25.852	1.4919
25.862	1.4871
25.872	1.4821
25.882	1.4769
25.892	1.4713
25.902	1.4655
25.912	1.4592
25.922	1.4525
25.932	1.4454
25.942	1.4378
25.952	1.4296
25.962	1.421
25.972	1.4118
25.982	1.402
25.992	1.3916
26.002	1.3807
26.012	1.3693
26.022	1.3572
26.032	1.3446
26.042	1.3315
26.052	1.3179
26.062	1.3037
26.072	1.2891
26.082	1.274
26.092	1.2585
26.102	1.2426
26.112	1.2263
26.122	1.2096
26.132	1.1927
26.142	1.1754
26.152	1.158
26.162	1.1403
26.172	1.1225
26.182	1.1046
26.192	1.0866
26.202	1.0685
26.212	1.0505
26.222	1.0324
26.232	1.0144
26.242	0.99651
26.252	0.97867
26.262	0.96096
26.272	0.9434
26.282	0.92601
26.292	0.90883
26.302	0.89186
26.312	0.87512
26.322	0.85861
26.332	0.84235
26.342	0.82633
26.352	0.81056
26.362	0.79507
26.372	0.77985
26.382	0.76494
26.392	0.75034
26.402	0.73607
26.412	0.72215
26.422	0.7086
26.432	0.69542
26.442	0.68262
26.452	0.67021
26.462	0.65818
26.472	0.64653
26.482	0.63524
26.492	0.6243
26.502	0.6137
26.512	0.6034
26.522	0.59339
26.532	0.58364
26.542	0.57411
26.552	0.56478
26.562	0.55562
26.572	0.54658
26.582	0.53765
26.592	0.52879
26.602	0.51997
26.612	0.51117
26.622	0.50237
26.632	0.49354
26.642	0.48466
26.652	0.47572
26.662	0.46671
26.672	0.4576
26.682	0.44839
26.692	0.43908
26.702	0.42967
26.712	0.42015
26.722	0.41054
26.732	0.40085
26.742	0.39109
26.752	0.38129
26.762	0.37148
26.772	0.36169
26.782	0.35195
26.792	0.3423
26.802	0.3328
26.812	0.32347
26.822	0.31439
26.832	0.30559
26.842	0.29714
26.852	0.28908
26.862	0.28146
26.872	0.27434
26.882	0.26774
26.892	0.2617
26.902	0.25625
26.912	0.25141
26.922	0.24719
26.932	0.24359
26.942	0.24063
26.952	0.23829
26.962	0.23657
26.972	0.23546
26.982	0.23495
26.992	0.23501
27.002	0.23564
27.012	0.2368
27.022	0.2385
27.032	0.2407
27.042	0.2434
27.052	0.24655
27.062	0.25016
27.072	0.25419
27.082	0.25861
27.092	0.26338
27.102	0.26847
27.112	0.27383
27.122	0.27942
27.132	0.28517
27.142	0.29105
27.152	0.29699
27.162	0.30293
27.172	0.30881
27.182	0.31458
27.192	0.32016
27.202	0.3255
27.212	0.33055
27.222	0.33524
27.232	0.33953
27.242	0.34337
27.252	0.34673
27.262	0.34957
27.272	0.35186
27.282	0.35357
27.292	0.35471
27.302	0.35525
27.312	0.35519
27.322	0.35455
27.332	0.35332
27.342	0.35152
27.352	0.34916
27.362	0.34627
27.372	0.34287
27.382	0.33898
27.392	0.33463
27.402	0.32985
27.412	0.32469
27.422	0.31917
27.432	0.31336
27.442	0.30731
27.452	0.30108
27.462	0.29474
27.472	0.28837
27.482	0.28205
27.492	0.27586
27.502	0.26988
27.512	0.2642
27.522	0.25889
27.532	0.25404
27.542	0.2497
27.552	0.24596
27.562	0.24288
27.572	0.24051
27.582	0.2389
27.592	0.23812
27.602	0.2382
27.612	0.23918
27.622	0.2411
27.632	0.24398
27.642	0.24786
27.652	0.25274
27.662	0.25865
27.673	0.26559
27.683	0.27356
27.693	0.28256
27.703	0.29258
27.713	0.30359
27.723	0.31559
27.733	0.32854
27.743	0.34241
27.753	0.35716
27.763	0.37274
27.773	0.3891
27.783	0.40618
27.793	0.42392
27.803	0.44226
27.813	0.46111
27.823	0.48041
27.833	0.50005
27.843	0.51998
27.853	0.5401
27.863	0.56033
27.873	0.5806
27.883	0.60083
27.893	0.62095
27.903	0.64088
27.913	0.66056
27.923	0.67991
27.933	0.69888
27.943	0.71741
27.953	0.73545
27.963	0.75293
27.973	0.76982
27.983	0.78608
27.993	0.80168
28.003	0.81658
28.013	0.83076
28.023	0.8442
28.033	0.85689
28.043	0.86882
28.053	0.87998
28.063	0.89037
28.073	0.89999
28.083	0.90884
28.093	0.91694
28.103	0.92428
28.113	0.93091
28.123	0.93685
28.133	0.94212
28.143	0.94678
28.153	0.95087
28.163	0.95444
28.173	0.95754
28.183	0.96025
28.193	0.96261
28.203	0.96469
28.213	0.96656
28.223	0.96827
28.233	0.96989
28.243	0.97148
28.253	0.97308
28.263	0.97476
28.273	0.97655
28.283	0.97851
28.293	0.98069
28.303	0.98313
28.313	0.98588
28.323	0.98898
28.333	0.99247
28.343	0.99639
28.353	1.0008
28.363	1.0056
28.373	1.0109
28.383	1.0168
28.393	1.0231
28.403	1.03
28.413	1.0374
28.423	1.0453
28.433	1.0536
28.443	1.0625
28.453	1.0718
28.463	1.0816
28.473	1.0917
28.483	1.1022
28.493	1.1129
28.503	1.124
28.513	1.1352
28.523	1.1466
28.533	1.1581
28.543	1.1696
28.553	1.1812
28.563	1.1928
28.573	1.2044
28.583	1.216
28.593	1.2274
28.603	1.2388
28.613	1.2501
28.623	1.2613
28.633	1.2724
28.643	1.2833
28.653	1.294
28.663	1.3044
28.673	1.3147
28.683	1.3247
28.693	1.3344
28.703	1.3438
28.713	1.353
28.723	1.3618
28.733	1.3704
28.743	1.3786
28.753	1.3866
28.763	1.3943
28.773	1.4016
28.783	1.4087
28.793	1.4154
28.803	1.4218
28.813	1.4279
28.823	1.4338
28.833	1.4393
28.843	1.4446
28.853	1.4497
28.863	1.4545
28.873	1.4593
28.883	1.4638
28.893	1.4683
28.903	1.4727
28.913	1.4769
28.923	1.4812
28.933	1.4854
28.943	1.4896
28.953	1.4938
28.963	1.498
28.973	1.5023
28.983	1.5066
28.993	1.5109
29.003	1.5153
29.013	1.5198
29.023	1.5243
29.033	1.5289
29.043	1.5337
29.053	1.5385
29.063	1.5435
29.073	1.5487
29.083	1.554
29.093	1.5594
29.103	1.565
29.113	1.5708
29.123	1.5767
29.133	1.5828
29.143	1.5891
29.153	1.5955
29.163	1.602
29.173	1.6086
29.183	1.6153
29.193	1.6222
29.203	1.6291
29.213	1.636
29.223	1.643
29.233	1.6501
29.243	1.6572
29.253	1.6643
29.263	1.6714
29.273	1.6786
29.283	1.6858
29.293	1.6929
29.303	1.7
29.313	1.7071
29.323	1.7142
29.333	1.7213
29.343	1.7283
29.353	1.7353
29.363	1.7423
29.373	1.7494
29.383	1.7564
29.393	1.7635
29.403	1.7706
29.413	1.7777
29.423	1.7849
29.433	1.7921
29.443	1.7993
29.453	1.8065
29.463	1.8137
29.473	1.8209
29.483	1.8281
29.493	1.8352
29.503	1.8422
29.513	1.8492
29.523	1.8561
29.533	1.8628
29.543	1.8695
29.553	1.8762
29.563	1.8827
29.573	1.8892
29.583	1.8956
29.593	1.9019
29.603	1.9081
29.613	1.9141
29.623	1.9201
29.633	1.926
29.643	1.9317
29.653	1.9373
29.663	1.9427
29.673	1.948
29.683	1.9532
29.693	1.9582
29.703	1.963
29.713	1.9676
29.723	1.972
29.733	1.9762
29.743	1.9801
29.753	1.9839
29.763	1.9874
29.773	1.9906
29.783	1.9937
29.793	1.9965
29.803	1.9992
29.813	2.0016
29.823	2.004
29.833	2.0062
29.843	2.0084
29.853	2.0105
29.863	2.0125
29.873	2.0146
29.884	2.0168
29.894	2.019
29.904	2.0213
29.914	2.0236
29.924	2.0261
29.934	2.0287
29.944	2.0314
29.954	2.0342
29.964	2.037
29.974	2.04
29.984	2.043
29.994	2.0461
30.004	2.0492
30.014	2.0522
30.024	2.0553
30.034	2.0582
30.044	2.0612
30.054	2.064
30.064	2.0668
30.074	2.0694
30.084	2.0719
30.094	2.0743
30.104	2.0765
30.114	2.0786
30.124	2.0806
30.134	2.0824
30.144	2.0841
30.154	2.0857
30.164	2.0871
30.174	2.0884
30.184	2.0896
30.194	2.0906
30.204	2.0915
30.214	2.0922
30.224	2.0927
30.234	2.0931
30.244	2.0932
30.254	2.0932
30.264	2.093
30.274	2.0925
30.284	2.0919
30.294	2.091
30.304	2.09
30.314	2.0888
30.324	2.0874
30.334	2.0859
30.344	2.0842
30.354	2.0824
30.364	2.0805
30.374	2.0784
30.384	2.0763
30.394	2.074
30.404	2.0718
30.414	2.0695
30.424	2.0672
30.434	2.065
30.444	2.0628
30.454	2.0607
30.464	2.0587
30.474	2.0569
30.484	2.0551
30.494	2.0535
30.504	2.0521
30.514	2.0507
30.524	2.0496
30.534	2.0485
30.544	2.0476
30.554	2.0469
30.564	2.0462
30.574	2.0457
30.584	2.0452
30.594	2.0448
30.604	2.0445
30.614	2.0442
30.624	2.044
30.634	2.0438
30.644	2.0437
30.654	2.0435
30.664	2.0434
30.674	2.0433
30.684	2.0431
30.694	2.043
30.704	2.0427
30.714	2.0424
30.724	2.042
30.734	2.0415
30.744	2.0408
30.754	2.0399
30.764	2.0388
30.774	2.0374
30.784	2.0359
30.794	2.0341
30.804	2.0321
30.814	2.03
30.824	2.0276
30.834	2.025
30.844	2.0223
30.854	2.0195
30.864	2.0165
30.874	2.0134
30.884	2.0102
30.894	2.0069
30.904	2.0036
30.914	2.0002
30.924	1.9967
30.934	1.9932
30.944	1.9897
30.954	1.9862
30.964	1.9827
30.974	1.9792
30.984	1.9757
30.994	1.9722
31.004	1.9687
31.014	1.9652
31.024	1.9616
31.034	1.9581
31.044	1.9546
31.054	1.951
31.064	1.9475
31.074	1.944
31.084	1.9406
31.094	1.9373
31.104	1.934
31.114	1.9309
31.124	1.9279
31.134	1.9251
31.144	1.9224
31.154	1.92
31.164	1.9179
31.174	1.9159
31.184	1.9142
31.194	1.9128
31.204	1.9115
31.214	1.9105
31.224	1.9097
31.234	1.909
31.244	1.9085
31.254	1.9082
31.264	1.908
31.274	1.9079
31.284	1.9079
31.294	1.908
31.304	1.9082
31.314	1.9084
31.324	1.9088
31.334	1.9092
31.344	1.9097
31.354	1.9102
31.364	1.9109
31.374	1.9115
31.384	1.9122
31.394	1.9128
31.404	1.9135
31.414	1.9141
31.424	1.9148
31.434	1.9154
31.444	1.916
31.454	1.9166
31.464	1.9172
31.474	1.9178
31.484	1.9185
31.494	1.9192
31.504	1.9199
31.514	1.9206
31.524	1.9214
31.534	1.9221
31.544	1.9228
31.554	1.9235
31.564	1.924
31.574	1.9245
31.584	1.9247
31.594	1.9248
31.604	1.9247
31.614	1.9244
31.624	1.9238
31.634	1.923
31.644	1.9218
31.654	1.9203
31.664	1.9186
31.674	1.9164
31.684	1.9139
31.694	1.911
31.704	1.9078
31.714	1.9041
31.724	1.9
31.734	1.8954
31.744	1.8904
31.754	1.885
31.764	1.8791
31.774	1.8729
31.784	1.8662
31.794	1.8591
31.804	1.8516
31.814	1.8439
31.824	1.8358
31.834	1.8275
31.844	1.819
31.854	1.8104
31.864	1.8017
31.874	1.793
31.884	1.7843
31.894	1.7756
31.904	1.7671
31.914	1.7587
31.924	1.7505
31.934	1.7426
31.944	1.7349
31.954	1.7274
31.964	1.7203
31.974	1.7135
31.984	1.7071
31.994	1.7009
32.004	1.6952
32.014	1.6897
32.024	1.6846
32.034	1.6797
32.044	1.6752
32.054	1.671
32.064	1.667
32.074	1.6633
32.084	1.6599
32.095	1.6567
32.105	1.6539
32.115	1.6512
32.125	1.6489
32.135	1.6468
32.145	1.6449
32.155	1.6434
32.165	1.6421
32.175	1.6411
32.185	1.6404
32.195	1.64
32.205	1.64
32.215	1.6402
32.225	1.6407
32.235	1.6415
32.245	1.6425
32.255	1.6439
32.265	1.6455
32.275	1.6473
32.285	1.6493
32.295	1.6515
32.305	1.6538
32.315	1.6564
32.325	1.6591
32.335	1.6619
32.345	1.6648
32.355	1.6678
32.365	1.6709
32.375	1.6741
32.385	1.6773
32.395	1.6804
32.405	1.6836
32.415	1.6868
32.425	1.6899
32.435	1.693
32.445	1.6961
32.455	1.6992
32.465	1.7022
32.475	1.7052
32.485	1.7081
32.495	1.7111
32.505	1.714
32.515	1.7168
32.525	1.7196
32.535	1.7224
32.545	1.7251
32.555	1.7278
32.565	1.7306
32.575	1.7333
32.585	1.736
32.595	1.7388
32.605	1.7417
32.615	1.7446
32.625	1.7476
32.635	1.7507
32.645	1.754
32.655	1.7572
32.665	1.7606
32.675	1.764
32.685	1.7675
32.695	1.771
32.705	1.7744
32.715	1.7778
32.725	1.7811
32.735	1.7843
32.745	1.7874
32.755	1.7903
32.765	1.7929
32.775	1.7954
32.785	1.7975
32.795	1.7995
32.805	1.8011
32.815	1.8025
32.825	1.8036
32.835	1.8045
32.845	1.8051
32.855	1.8054
32.865	1.8055
32.875	1.8053
32.885	1.805
32.895	1.8045
32.905	1.8038
32.915	1.803
32.925	1.8022
32.935	1.8012
32.945	1.8003
32.955	1.7994
32.965	1.7985
32.975	1.7977
32.985	1.7971
32.995	1.7966
33.005	1.7963
33.015	1.7961
33.025	1.7962
33.035	1.7964
33.045	1.7969
33.055	1.7975
33.065	1.7984
33.075	1.7994
33.085	1.8006
33.095	1.8019
33.105	1.8033
33.115	1.8048
33.125	1.8063
33.135	1.8078
33.145	1.8093
33.155	1.8107
33.165	1.8121
33.175	1.8135
33.185	1.8147
33.195	1.8159
33.205	1.8169
33.215	1.8179
33.225	1.8187
33.235	1.8194
33.245	1.82
33.255	1.8205
33.265	1.8209
33.275	1.8212
33.285	1.8214
33.295	1.8215
33.305	1.8216
33.315	1.8216
33.325	1.8217
33.335	1.8218
33.345	1.8219
33.355	1.8221
33.365	1.8224
33.375	1.8227
33.385	1.8232
33.395	1.8238
33.405	1.8245
33.415	1.8253
33.425	1.8262
33.435	1.8272
33.445	1.8282
33.455	1.8293
33.465	1.8304
33.475	1.8315
33.485	1.8325
33.495	1.8335
33.505	1.8344
33.515	1.8352
33.525	1.8358
33.535	1.8364
33.545	1.8369
33.555	1.8372
33.565	1.8375
33.575	1.8377
33.585	1.8378
33.595	1.8379
33.605	1.838
33.615	1.8381
33.625	1.8381
33.635	1.8382
33.645	1.8383
33.655	1.8384
33.665	1.8384
33.675	1.8384
33.685	1.8384
33.695	1.8383
33.705	1.8381
33.715	1.8378
33.725	1.8373
33.735	1.8367
33.745	1.8359
33.755	1.835
33.765	1.8338
33.775	1.8325
33.785	1.831
33.795	1.8293
33.805	1.8274
33.815	1.8253
33.825	1.8231
33.835	1.8208
33.845	1.8183
33.855	1.8157
33.865	1.8129
33.875	1.8101
33.885	1.8071
33.895	1.804
33.905	1.8008
33.915	1.7975
33.925	1.794
33.935	1.7905
33.945	1.7868
33.955	1.7831
33.965	1.7793
33.975	1.7754
33.985	1.7716
33.995	1.7678
34.005	1.764
34.015	1.7603
34.025	1.7568
34.035	1.7535
34.045	1.7505
34.055	1.7478
34.065	1.7454
34.075	1.7434
34.085	1.7418
34.095	1.7407
34.105	1.74
34.115	1.7399
34.125	1.7402
34.135	1.741
34.145	1.7423
34.155	1.744
34.165	1.7463
34.175	1.749
34.185	1.7522
34.195	1.7558
34.205	1.7598
34.215	1.7641
34.225	1.7687
34.235	1.7737
34.245	1.7789
34.255	1.7843
34.265	1.7899
34.275	1.7957
34.285	1.8015
34.295	1.8074
34.306	1.8134
34.316	1.8193
34.326	1.8252
34.336	1.8309
34.346	1.8366
34.356	1.842
34.366	1.8473
34.376	1.8523
34.386	1.8571
34.396	1.8616
34.406	1.8659
34.416	1.8699
34.426	1.8736
34.436	1.8771
34.446	1.8804
34.456	1.8834
34.466	1.8863
34.476	1.8889
34.486	1.8914
34.496	1.8937
34.506	1.8959
34.516	1.8979
34.526	1.8999
34.536	1.9017
34.546	1.9034
34.556	1.905
34.566	1.9066
34.576	1.908
34.586	1.9094
34.596	1.9106
34.606	1.9117
34.616	1.9127
34.626	1.9134
34.636	1.9141
34.646	1.9145
34.656	1.9147
34.666	1.9147
34.676	1.9145
34.686	1.914
34.696	1.9134
34.706	1.9125
34.716	1.9115
34.726	1.9102
34.736	1.9087
34.746	1.907
34.756	1.9052
34.766	1.9032
34.776	1.901
34.786	1.8987
34.796	1.8963
34.806	1.8938
34.816	1.8912
34.826	1.8885
34.836	1.8857
34.846	1.883
34.856	1.8801
34.866	1.8772
34.876	1.8743
34.886	1.8713
34.896	1.8682
34.906	1.8651
34.916	1.8618
34.926	1.8584
34.936	1.8548
34.946	1.851
34.956	1.8471
34.966	1.843
34.976	1.8387
34.986	1.8343
34.996	1.8297
35.006	1.8249
35.016	1.82
35.026	1.815
35.036	1.8099
35.046	1.8046
35.056	1.7994
35.066	1.794
35.076	1.7887
35.086	1.7834
35.096	1.7782
35.106	1.7731
35.116	1.7681
35.126	1.7632
35.136	1.7586
35.146	1.7541
35.156	1.7498
35.166	1.7458
35.176	1.7421
35.186	1.7385
35.196	1.7353
35.206	1.7323
35.216	1.7296
35.226	1.7271
35.236	1.7248
35.246	1.7228
35.256	1.7209
35.266	1.7192
35.276	1.7175
35.286	1.716
35.296	1.7144
35.306	1.7128
35.316	1.7111
35.326	1.7094
35.336	1.7074
35.346	1.7053
35.356	1.7029
35.366	1.7002
35.376	1.6973
35.386	1.6941
35.396	1.6905
35.406	1.6866
35.416	1.6824
35.426	1.6779
35.436	1.673
35.446	1.6679
35.456	1.6624
35.466	1.6567
35.476	1.6507
35.486	1.6444
35.496	1.6379
35.506	1.6313
35.516	1.6245
35.526	1.6176
35.536	1.6106
35.546	1.6034
35.556	1.5962
35.566	1.589
35.576	1.5816
35.586	1.5742
35.596	1.5668
35.606	1.5593
35.616	1.5517
35.626	1.5441
35.636	1.5364
35.646	1.5287
35.656	1.5208
35.666	1.5129
35.676	1.505
35.686	1.4969
35.696	1.4889
35.706	1.4807
35.716	1.4726
35.726	1.4644
35.736	1.4562
35.746	1.4479
35.756	1.4396
35.766	1.4313
35.776	1.4229
35.786	1.4145
35.796	1.406
35.806	1.3976
35.816	1.3891
35.826	1.3806
35.836	1.3721
35.846	1.3636
35.856	1.3551
35.866	1.3466
35.876	1.3381
35.886	1.3297
35.896	1.3213
35.906	1.313
35.916	1.3047
35.926	1.2964
35.936	1.2882
35.946	1.2801
35.956	1.272
35.966	1.264
35.976	1.2561
35.986	1.2483
35.996	1.2406
36.006	1.2329
36.016	1.2254
36.026	1.218
36.036	1.2107
36.046	1.2035
36.056	1.1964
36.066	1.1894
36.076	1.1825
36.086	1.1757
36.096	1.1689
36.106	1.1622
36.116	1.1555
36.126	1.1489
36.136	1.1423
36.146	1.1357
36.156	1.1291
36.166	1.1225
36.176	1.1159
36.186	1.1094
36.196	1.1028
36.206	1.0963
36.216	1.0899
36.226	1.0835
36.236	1.0772
36.246	1.071
36.256	1.0649
36.266	1.0588
36.276	1.0529
36.286	1.0471
36.296	1.0413
36.306	1.0357
36.316	1.0302
36.326	1.0249
36.336	1.0196
36.346	1.0145
36.356	1.0095
36.366	1.0046
36.376	0.99993
36.386	0.99534
36.396	0.99089
36.406	0.98656
36.416	0.98235
36.426	0.97826
36.436	0.97429
36.446	0.97044
36.456	0.96672
36.466	0.96311
36.476	0.95961
36.486	0.95623
36.496	0.95296
36.506	0.94979
36.516	0.9467
36.527	0.94369
36.537	0.94073
36.547	0.93783
36.557	0.93496
36.567	0.93212
36.577	0.9293
36.587	0.92651
36.597	0.92373
36.607	0.92098
36.617	0.91824
36.627	0.91553
36.637	0.91285
36.647	0.9102
36.657	0.90759
36.667	0.90501
36.677	0.90247
36.687	0.89998
36.697	0.89756
36.707	0.89521
36.717	0.89295
36.727	0.89082
36.737	0.88882
36.747	0.88699
36.757	0.88535
36.767	0.88393
36.777	0.88276
36.787	0.88188
36.797	0.88131
36.807	0.88108
36.817	0.88122
36.827	0.88176
36.837	0.88269
36.847	0.88405
36.857	0.88583
36.867	0.88804
36.877	0.89066
36.887	0.89369
36.897	0.89712
36.907	0.90092
36.917	0.90507
36.927	0.90957
36.937	0.91438
36.947	0.91948
36.957	0.92486
36.967	0.93049
36.977	0.93634
36.987	0.9424
36.997	0.94861
37.007	0.95496
37.017	0.96141
37.027	0.96791
37.037	0.97441
37.047	0.98088
37.057	0.98726
37.067	0.99353
37.077	0.99964
37.087	1.0056
37.097	1.0113
37.107	1.0168
37.117	1.0221
37.127	1.0271
37.137	1.0319
37.147	1.0364
37.157	1.0406
37.167	1.0446
37.177	1.0482
37.187	1.0515
37.197	1.0545
37.207	1.0572
37.217	1.0595
37.227	1.0616
37.237	1.0633
37.247	1.0648
37.257	1.066
37.267	1.0669
37.277	1.0676
37.287	1.0681
37.297	1.0684
37.307	1.0685
37.317	1.0684
37.327	1.0682
37.337	1.0678
37.347	1.0673
37.357	1.0667
37.367	1.066
37.377	1.0652
37.387	1.0643
37.397	1.0632
37.407	1.062
37.417	1.0606
37.427	1.059
37.437	1.0573
37.447	1.0553
37.457	1.0532
37.467	1.0509
37.477	1.0484
37.487	1.0458
37.497	1.043
37.507	1.04
37.517	1.037
37.527	1.0338
37.537	1.0305
37.547	1.0271
37.557	1.0237
37.567	1.0202
37.577	1.0166
37.587	1.013
37.597	1.0093
37.607	1.0056
37.617	1.0017
37.627	0.99785
37.637	0.99387
37.647	0.98982
37.657	0.9857
37.667	0.98151
37.677	0.97725
37.687	0.97293
37.697	0.96855
37.707	0.96412
37.717	0.95966
37.727	0.95516
37.737	0.95064
37.747	0.94612
37.757	0.94161
37.767	0.93714
37.777	0.93272
37.787	0.92839
37.797	0.92415
37.807	0.92003
37.817	0.91605
37.827	0.91221
37.837	0.90853
37.847	0.90501
37.857	0.90165
37.867	0.89846
37.877	0.89542
37.887	0.89255
37.897	0.88981
37.907	0.88722
37.917	0.88476
37.927	0.88244
37.937	0.88026
37.947	0.8782
37.957	0.87629
37.967	0.87451
37.977	0.87287
37.987	0.87138
37.997	0.87003
38.007	0.86883
38.017	0.86777
38.027	0.86685
38.037	0.86608
38.047	0.86543
38.057	0.86492
38.067	0.86454
38.077	0.86428
38.087	0.86415
38.097	0.86414
38.107	0.86425
38.117	0.86448
38.127	0.8648
38.137	0.86521
38.147	0.86567
38.157	0.86618
38.167	0.8667
38.177	0.8672
38.187	0.86765
38.197	0.86803
38.207	0.86832
38.217	0.86849
38.227	0.86853
38.237	0.86842
38.247	0.86816
38.257	0.86773
38.267	0.86711
38.277	0.86629
38.287	0.86526
38.297	0.864
38.307	0.8625
38.317	0.86075
38.327	0.85872
38.337	0.85641
38.347	0.8538
38.357	0.8509
38.367	0.84769
38.377	0.84417
38.387	0.84035
38.397	0.83623
38.407	0.8318
38.417	0.82707
38.427	0.82205
38.437	0.81673
38.447	0.81111
38.457	0.80519
38.467	0.79897
38.477	0.79245
38.487	0.78563
38.497	0.77851
38.507	0.7711
38.517	0.7634
38.527	0.75542
38.537	0.74717
38.547	0.73865
38.557	0.72988
38.567	0.72086
38.577	0.71162
38.587	0.70217
38.597	0.69251
38.607	0.68264
38.617	0.67259
38.627	0.66234
38.637	0.65189
38.647	0.64126
38.657	0.63044
38.667	0.61942
38.677	0.60822
38.687	0.59684
38.697	0.58529
38.707	0.57357
38.717	0.5617
38.727	0.54968
38.738	0.53754
38.748	0.52528
38.758	0.51293
38.768	0.50051
38.778	0.48803
38.788	0.47551
38.798	0.46297
38.808	0.45043
38.818	0.43791
38.828	0.42544
38.838	0.41305
38.848	0.40078
38.858	0.38865
38.868	0.3767
38.878	0.36496
38.888	0.35347
38.898	0.34226
38.908	0.33138
38.918	0.32085
38.928	0.31071
38.938	0.301
38.948	0.29175
38.958	0.28299
38.968	0.27475
38.978	0.26703
38.988	0.25986
38.998	0.25325
39.008	0.24718
39.018	0.24165
39.028	0.23666
39.038	0.2322
39.048	0.22826
39.058	0.22484
39.068	0.22192
39.078	0.21949
39.088	0.21755
39.098	0.21606
39.108	0.21503
39.118	0.21442
39.128	0.21422
39.138	0.21442
39.148	0.21497
39.158	0.21585
39.168	0.21701
39.178	0.21843
39.188	0.22005
39.198	0.22183
39.208	0.22373
39.218	0.2257
39.228	0.22768
39.238	0.22963
39.248	0.23149
39.258	0.23322
39.268	0.23477
39.278	0.23611
39.288	0.23719
39.298	0.23798
39.308	0.23845
39.318	0.23858
39.328	0.23833
39.338	0.23769
39.348	0.23664
39.358	0.23515
39.368	0.23324
39.378	0.23087
39.388	0.22805
39.398	0.22477
39.408	0.22104
39.418	0.21687
39.428	0.21226
39.438	0.20723
39.448	0.2018
39.458	0.19599
39.468	0.18983
39.478	0.18333
39.488	0.17654
39.498	0.16948
39.508	0.1622
39.518	0.15473
39.528	0.14711
39.538	0.1394
39.548	0.13163
39.558	0.12387
39.568	0.11616
39.578	0.10856
39.588	0.10114
39.598	0.093935
39.608	0.087008
39.618	0.080399
39.628	0.074144
39.638	0.068276
39.648	0.062824
39.658	0.057809
39.668	0.053248
39.678	0.049155
39.688	0.045538
39.698	0.042401
39.708	0.039744
39.718	0.037564
39.728	0.035854
39.738	0.034604
39.748	0.033799
39.758	0.033424
39.768	0.033457
39.778	0.033877
39.788	0.034657
39.798	0.035776
39.808	0.037217
39.818	0.038969
39.828	0.04102
39.838	0.043365
39.848	0.045999
39.858	0.048924
39.868	0.052143
39.878	0.055666
39.888	0.059508
39.898	0.063689
39.908	0.068236
39.918	0.07317
39.928	0.078518
39.938	0.084302
39.948	0.090539
39.958	0.09724
39.968	0.10441
39.978	0.11205
39.988	0.12014
39.998	0.12869
40.008	0.13768
40.018	0.14707
