0	0
0.010005	0
0.020009	0
0.030014	0
0.040018	0
0.050023	0
0.060027	0
0.070032	0
0.080036	0
0.090041	0
0.10005	0
0.11005	0
0.12005	0
0.13006	0
0.14006	0
0.15007	0
0.16007	0
0.17008	0
0.18008	0
0.19009	0
0.20009	0
0.21009	0
0.2201	0
0.2301	0
0.24011	0
0.25011	0
0.26012	0
0.27012	0
0.28013	0
0.29013	0
0.30014	0
0.31014	0
0.32014	0
0.33015	0
0.34015	0
0.35016	0
0.36016	0
0.37017	0
0.38017	0
0.39018	0
0.40018	0
0.41019	0
0.42019	0
0.43019	0
0.4402	0
0.4502	0
0.46021	0
0.47021	0
0.48022	0
0.49022	0
0.50023	0
0.51023	0
0.52024	0
0.53024	0
0.54024	0
0.55025	0
0.56025	0
0.57026	0
0.58026	0
0.59027	0
0.60027	0
0.61028	0
0.62028	0
0.63028	0
0.64029	0
0.65029	0
0.6603	0
0.6703	0
0.68031	0
0.69031	0
0.70032	0
0.71032	0
0.72033	0
0.73033	0
0.74033	0
0.75034	0
0.76034	0
0.77035	0
0.78035	0
0.79036	0
0.80036	0
0.81037	0
0.82037	0
0.83038	0
0.84038	0
0.85038	0
0.86039	0
0.87039	0
0.8804	0
0.8904	0
0.90041	0
0.91041	0
0.92042	0
0.93042	0
0.94042	0
0.95043	0
0.96043	0
0.97044	0
0.98044	0
0.99045	0
1.0005	0
1.0105	0
1.0205	0
1.0305	0
1.0405	0
1.0505	0
1.0605	0
1.0705	0
1.0805	0
1.0905	0
1.1005	0
1.1105	0
1.1205	0
1.1305	0
1.1405	0
1.1505	0
1.1605	0
1.1705	0
1.1805	0
1.1905	0
1.2005	0
1.2105	0
1.2206	0
1.2306	0
1.2406	0
1.2506	0
1.2606	0
1.2706	0
1.2806	0
1.2906	0
1.3006	0
1.3106	0
1.3206	0
1.3306	0
1.3406	0
1.3506	0
1.3606	0
1.3706	0
1.3806	0
1.3906	0
1.4006	0
1.4106	0
1.4206	0
1.4306	0
1.4407	0
1.4507	0
1.4607	0
1.4707	0
1.4807	0
1.4907	0
1.5007	0
1.5107	0
1.5207	0
1.5307	0
1.5407	0
1.5507	0
1.5607	0
1.5707	0
1.5807	0
1.5907	0
1.6007	0
1.6107	0
1.6207	0
1.6307	0
1.6407	0
1.6507	0
1.6608	0
1.6708	0
1.6808	0
1.6908	0
1.7008	0
1.7108	0
1.7208	0
1.7308	0
1.7408	0
1.7508	0
1.7608	0
1.7708	0
1.7808	0
1.7908	0
1.8008	0
1.8108	0
1.8208	0
1.8308	0
1.8408	0
1.8508	0
1.8608	0
1.8708	0
1.8808	0
1.8909	0
1.9009	0
1.9109	0
1.9209	0
1.9309	0
1.9409	0
1.9509	0
1.9609	0
1.9709	0
1.9809	0
1.9909	0
2.0009	0
2.0109	0
2.0209	0
2.0309	0
2.0409	0
2.0509	0
2.0609	0
2.0709	0
2.0809	0
2.0909	0
2.1009	0
2.111	0
2.121	0
2.131	0
2.141	0
2.151	0
2.161	0
2.171	0
2.181	0
2.191	0
2.201	0
2.211	0
2.221	0
2.231	0
2.241	0
2.251	0
2.261	0
2.271	0
2.281	0
2.291	0
2.301	0
2.311	0
2.321	0
2.3311	0
2.3411	0
2.3511	0
2.3611	0
2.3711	0
2.3811	0
2.3911	0
2.4011	0
2.4111	0
2.4211	0
2.4311	0
2.4411	0
2.4511	0
2.4611	0
2.4711	0
2.4811	0
2.4911	0
2.5011	0
2.5111	0
2.5211	0
2.5311	0
2.5411	0
2.5512	0
2.5612	0
2.5712	0
2.5812	0
2.5912	0
2.6012	0
2.6112	0
2.6212	0
2.6312	0
2.6412	0
2.6512	0
2.6612	0
2.6712	0
2.6812	0
2.6912	0
2.7012	0
2.7112	0
2.7212	0
2.7312	0
2.7412	0
2.7512	0
2.7612	0
2.7713	0
2.7813	0
2.7913	0
2.8013	0
2.8113	0
2.8213	0
2.8313	0
2.8413	0
2.8513	0
2.8613	0
2.8713	0
2.8813	0
2.8913	0
2.9013	0
2.9113	0
2.9213	0
2.9313	0
2.9413	0
2.9513	0
2.9613	0
2.9713	0
2.9813	0
2.9914	0
3.0014	0
3.0114	0
3.0214	0
3.0314	0
3.0414	0
3.0514	0
3.0614	0
3.0714	0
3.0814	0
3.0914	0
3.1014	0
3.1114	0
3.1214	0
3.1314	0
3.1414	0
3.1514	0
3.1614	0
3.1714	0
3.1814	0
3.1914	0
3.2014	0
3.2115	0
3.2215	0
3.2315	0
3.2415	0
3.2515	0
3.2615	0
3.2715	0
3.2815	0
3.2915	0
3.3015	0
3.3115	0
3.3215	0
3.3315	0
3.3415	0
3.3515	0
3.3615	0
3.3715	0
3.3815	0
3.3915	0
3.4015	0
3.4115	0
3.4215	0
3.4316	0
3.4416	0
3.4516	0
3.4616	0
3.4716	0
3.4816	0
3.4916	0
3.5016	0
3.5116	0
3.5216	0
3.5316	0
3.5416	0
3.5516	0
3.5616	0
3.5716	0
3.5816	0
3.5916	0
3.6016	0
3.6116	0
3.6216	0
3.6316	0
3.6416	0
3.6516	0
3.6617	0
3.6717	0
3.6817	0
3.6917	0
3.7017	0
3.7117	0
3.7217	0
3.7317	0
3.7417	0
3.7517	0
3.7617	0
3.7717	0
3.7817	0
3.7917	0
3.8017	0
3.8117	0
3.8217	0
3.8317	0
3.8417	0
3.8517	0
3.8617	0
3.8717	0
3.8818	0
3.8918	0
3.9018	0
3.9118	0
3.9218	0
3.9318	0
3.9418	0
3.9518	0
3.9618	0
3.9718	0
3.9818	0
3.9918	0
4.0018	0
4.0118	0
4.0218	0
4.0318	0
4.0418	0
4.0518	0
4.0618	0
4.0718	0
4.0818	0
4.0918	0
4.1019	0
4.1119	0
4.1219	0
4.1319	0
4.1419	0
4.1519	0
4.1619	0
4.1719	0
4.1819	0
4.1919	0
4.2019	0
4.2119	0
4.2219	0
4.2319	0
4.2419	0
4.2519	0
4.2619	0
4.2719	0
4.2819	0
4.2919	0
4.3019	0
4.3119	0
4.322	0
4.332	0
4.342	0
4.352	0
4.362	0
4.372	0
4.382	0
4.392	0
4.402	0
4.412	0
4.422	0
4.432	0
4.442	0
4.452	0
4.462	0
4.472	0
4.482	0
4.492	0
4.502	0
4.512	0
4.522	0
4.532	0
4.5421	0
4.5521	0
4.5621	0
4.5721	0
4.5821	0
4.5921	0
4.6021	0
4.6121	0
4.6221	0
4.6321	0
4.6421	0
4.6521	0
4.6621	0
4.6721	0
4.6821	0
4.6921	0
4.7021	0
4.7121	0
4.7221	0
4.7321	0
4.7421	0
4.7521	0
4.7622	0
4.7722	0
4.7822	0
4.7922	0
4.8022	0
4.8122	0
4.8222	0
4.8322	0
4.8422	0
4.8522	0
4.8622	0
4.8722	0
4.8822	0
4.8922	0
4.9022	0
4.9122	0
4.9222	0
4.9322	0
4.9422	0
4.9522	0
4.9622	0
4.9722	0
4.9823	0
4.9923	0
5.0023	0
5.0123	0
5.0223	0
5.0323	0
5.0423	0
5.0523	0
5.0623	0
5.0723	0
5.0823	0
5.0923	0
5.1023	0
5.1123	0
5.1223	0
5.1323	0
5.1423	0
5.1523	0
5.1623	0
5.1723	0
5.1823	0
5.1923	0
5.2024	0
5.2124	0
5.2224	0
5.2324	0
5.2424	0
5.2524	0
5.2624	0
5.2724	0
5.2824	0
5.2924	0
5.3024	0
5.3124	0
5.3224	0
5.3324	0
5.3424	0
5.3524	0
5.3624	0
5.3724	0
5.3824	0
5.3924	0
5.4024	0
5.4124	0
5.4225	0
5.4325	0
5.4425	0
5.4525	0
5.4625	0
5.4725	0
5.4825	0
5.4925	0
5.5025	0
5.5125	1
5.5225	1
5.5325	1
5.5425	1
5.5525	1
5.5625	1
5.5725	1
5.5825	1
5.5925	1
5.6025	1
5.6125	1
5.6225	1
5.6325	1
5.6425	1
5.6526	1
5.6626	1
5.6726	1
5.6826	1
5.6926	1
5.7026	1
5.7126	1
5.7226	1
5.7326	1
5.7426	1
5.7526	1
5.7626	1
5.7726	1
5.7826	1
5.7926	1
5.8026	1
5.8126	1
5.8226	1
5.8326	1
5.8426	1
5.8526	1
5.8626	1
5.8727	1
5.8827	1
5.8927	1
5.9027	1
5.9127	1
5.9227	1
5.9327	1
5.9427	1
5.9527	1
5.9627	1
5.9727	1
5.9827	1
5.9927	1
6.0027	1
6.0127	1
6.0227	1
6.0327	1
6.0427	1
6.0527	1
6.0627	1
6.0727	1
6.0827	1
6.0928	1
6.1028	1
6.1128	1
6.1228	1
6.1328	1
6.1428	1
6.1528	1
6.1628	1
6.1728	1
6.1828	1
6.1928	1
6.2028	1
6.2128	1
6.2228	1
6.2328	1
6.2428	1
6.2528	1
6.2628	1
6.2728	1
6.2828	1
6.2928	1
6.3028	1
6.3129	1
6.3229	1
6.3329	1
6.3429	1
6.3529	1
6.3629	1
6.3729	1
6.3829	1
6.3929	1
6.4029	1
6.4129	1
6.4229	1
6.4329	1
6.4429	1
6.4529	1
6.4629	1
6.4729	1
6.4829	1
6.4929	1
6.5029	1
6.5129	1
6.5229	1
6.533	1
6.543	1
6.553	1
6.563	1
6.573	1
6.583	1
6.593	1
6.603	1
6.613	1
6.623	1
6.633	1
6.643	1
6.653	1
6.663	1
6.673	1
6.683	1
6.693	1
6.703	1
6.713	1
6.723	1
6.733	1
6.743	1
6.7531	1
6.7631	1
6.7731	1
6.7831	1
6.7931	1
6.8031	1
6.8131	1
6.8231	1
6.8331	1
6.8431	1
6.8531	1
6.8631	1
6.8731	1
6.8831	1
6.8931	1
6.9031	1
6.9131	1
6.9231	1
6.9331	1
6.9431	1
6.9531	1
6.9631	1
6.9732	1
6.9832	1
6.9932	1
7.0032	1
7.0132	1
7.0232	1
7.0332	1
7.0432	1
7.0532	1
7.0632	1
7.0732	1
7.0832	1
7.0932	1
7.1032	1
7.1132	1
7.1232	1
7.1332	1
7.1432	1
7.1532	1
7.1632	1
7.1732	1
7.1832	1
7.1933	1
7.2033	1
7.2133	1
7.2233	1
7.2333	1
7.2433	1
7.2533	1
7.2633	1
7.2733	1
7.2833	1
7.2933	1
7.3033	1
7.3133	1
7.3233	1
7.3333	1
7.3433	1
7.3533	1
7.3633	1
7.3733	1
7.3833	1
7.3933	1
7.4033	1
7.4133	1
7.4234	1
7.4334	1
7.4434	1
7.4534	1
7.4634	1
7.4734	1
7.4834	1
7.4934	1
7.5034	1
7.5134	1
7.5234	1
7.5334	1
7.5434	1
7.5534	1
7.5634	1
7.5734	1
7.5834	1
7.5934	1
7.6034	1
7.6134	1
7.6234	1
7.6334	1
7.6435	1
7.6535	1
7.6635	1
7.6735	1
7.6835	1
7.6935	1
7.7035	1
7.7135	1
7.7235	1
7.7335	1
7.7435	1
7.7535	1
7.7635	1
7.7735	1
7.7835	1
7.7935	1
7.8035	1
7.8135	1
7.8235	1
7.8335	1
7.8435	1
7.8535	1
7.8636	1
7.8736	1
7.8836	1
7.8936	1
7.9036	1
7.9136	1
7.9236	1
7.9336	1
7.9436	1
7.9536	1
7.9636	1
7.9736	1
7.9836	1
7.9936	1
8.0036	1
8.0136	1
8.0236	1
8.0336	1
8.0436	1
8.0536	1
8.0636	1
8.0736	1
8.0837	1
8.0937	1
8.1037	1
8.1137	1
8.1237	1
8.1337	1
8.1437	1
8.1537	1
8.1637	1
8.1737	1
8.1837	1
8.1937	1
8.2037	1
8.2137	1
8.2237	1
8.2337	1
8.2437	1
8.2537	1
8.2637	1
8.2737	1
8.2837	1
8.2937	1
8.3038	1
8.3138	1
8.3238	1
8.3338	1
8.3438	1
8.3538	1
8.3638	1
8.3738	1
8.3838	1
8.3938	1
8.4038	1
8.4138	1
8.4238	1
8.4338	1
8.4438	1
8.4538	1
8.4638	1
8.4738	1
8.4838	1
8.4938	1
8.5038	1
8.5138	1
8.5239	1
8.5339	1
8.5439	1
8.5539	1
8.5639	1
8.5739	1
8.5839	1
8.5939	1
8.6039	1
8.6139	1
8.6239	1
8.6339	1
8.6439	1
8.6539	1
8.6639	1
8.6739	1
8.6839	1
8.6939	1
8.7039	1
8.7139	1
8.7239	1
8.7339	1
8.744	1
8.754	1
8.764	1
8.774	1
8.784	1
8.794	1
8.804	1
8.814	1
8.824	1
8.834	1
8.844	1
8.854	1
8.864	1
8.874	1
8.884	1
8.894	1
8.904	1
8.914	1
8.924	1
8.934	1
8.944	1
8.954	1
8.9641	1
8.9741	1
8.9841	1
8.9941	1
9.0041	1
9.0141	1
9.0241	1
9.0341	1
9.0441	1
9.0541	1
9.0641	1
9.0741	1
9.0841	1
9.0941	1
9.1041	1
9.1141	1
9.1241	1
9.1341	1
9.1441	1
9.1541	1
9.1641	1
9.1741	1
9.1841	1
9.1942	1
9.2042	1
9.2142	1
9.2242	1
9.2342	1
9.2442	1
9.2542	1
9.2642	1
9.2742	1
9.2842	1
9.2942	1
9.3042	1
9.3142	1
9.3242	1
9.3342	1
9.3442	1
9.3542	1
9.3642	1
9.3742	1
9.3842	1
9.3942	1
9.4042	1
9.4143	1
9.4243	1
9.4343	1
9.4443	1
9.4543	1
9.4643	1
9.4743	1
9.4843	1
9.4943	1
9.5043	1
9.5143	1
9.5243	1
9.5343	1
9.5443	1
9.5543	1
9.5643	1
9.5743	1
9.5843	1
9.5943	1
9.6043	1
9.6143	1
9.6243	1
9.6344	1
9.6444	1
9.6544	1
9.6644	1
9.6744	1
9.6844	1
9.6944	1
9.7044	1
9.7144	1
9.7244	1
9.7344	1
9.7444	1
9.7544	1
9.7644	1
9.7744	1
9.7844	1
9.7944	1
9.8044	1
9.8144	1
9.8244	1
9.8344	1
9.8444	1
9.8545	1
9.8645	1
9.8745	1
9.8845	1
9.8945	1
9.9045	1
9.9145	1
9.9245	0
9.9345	0
9.9445	0
9.9545	0
9.9645	0
9.9745	0
9.9845	0
9.9945	0
10.005	0
10.015	0
10.025	0
10.035	0
10.045	0
10.055	0
10.065	0
10.075	0
10.085	0
10.095	0
10.105	0
10.115	0
10.125	0
10.135	0
10.145	0
10.155	0
10.165	0
10.175	0
10.185	0
10.195	0
10.205	0
10.215	0
10.225	1
10.235	1
10.245	1
10.255	1
10.265	1
10.275	1
10.285	1
10.295	1
10.305	1
10.315	1
10.325	1
10.335	1
10.345	1
10.355	1
10.365	1
10.375	1
10.385	1
10.395	1
10.405	1
10.415	1
10.425	1
10.435	1
10.445	1
10.455	1
10.465	1
10.475	1
10.485	1
10.495	1
10.505	1
10.515	1
10.525	1
10.535	1
10.545	1
10.555	1
10.565	1
10.575	1
10.585	1
10.595	1
10.605	1
10.615	1
10.625	1
10.635	1
10.645	1
10.655	1
10.665	1
10.675	1
10.685	1
10.695	1
10.705	1
10.715	1
10.725	1
10.735	1
10.745	1
10.755	1
10.765	1
10.775	1
10.785	1
10.795	1
10.805	1
10.815	1
10.825	1
10.835	1
10.845	1
10.855	1
10.865	1
10.875	1
10.885	1
10.895	1
10.905	1
10.915	1
10.925	1
10.935	1
10.945	1
10.955	1
10.965	1
10.975	1
10.985	1
10.995	1
11.005	1
11.015	1
11.025	1
11.035	1
11.045	1
11.055	1
11.065	1
11.075	1
11.085	1
11.095	1
11.105	1
11.115	1
11.125	1
11.135	1
11.145	1
11.155	1
11.165	1
11.175	1
11.185	1
11.195	1
11.205	1
11.215	1
11.225	1
11.235	1
11.245	1
11.255	1
11.265	1
11.275	1
11.285	1
11.295	1
11.305	1
11.315	1
11.325	1
11.335	1
11.345	1
11.355	1
11.365	1
11.375	1
11.385	1
11.395	1
11.405	1
11.415	1
11.425	1
11.435	1
11.445	1
11.455	1
11.465	1
11.475	1
11.485	1
11.495	1
11.505	1
11.515	1
11.525	1
11.535	1
11.545	1
11.555	1
11.565	1
11.575	1
11.585	1
11.595	1
11.605	1
11.615	1
11.625	1
11.635	1
11.645	1
11.655	1
11.665	1
11.675	1
11.685	1
11.695	1
11.705	1
11.715	1
11.725	1
11.735	1
11.745	1
11.755	1
11.765	1
11.775	1
11.785	1
11.795	1
11.805	1
11.815	1
11.825	1
11.835	1
11.845	1
11.855	1
11.865	1
11.875	1
11.885	1
11.895	1
11.905	1
11.915	1
11.925	1
11.935	1
11.945	1
11.955	1
11.965	1
11.975	1
11.985	1
11.995	1
12.005	1
12.015	1
12.025	1
12.035	1
12.045	1
12.055	1
12.065	1
12.075	1
12.085	1
12.095	1
12.105	1
12.115	1
12.125	1
12.135	1
12.145	1
12.155	1
12.165	1
12.176	1
12.186	1
12.196	1
12.206	1
12.216	1
12.226	1
12.236	1
12.246	1
12.256	1
12.266	1
12.276	1
12.286	1
12.296	1
12.306	1
12.316	1
12.326	1
12.336	1
12.346	1
12.356	1
12.366	1
12.376	1
12.386	1
12.396	1
12.406	1
12.416	1
12.426	1
12.436	1
12.446	1
12.456	1
12.466	1
12.476	1
12.486	1
12.496	1
12.506	1
12.516	1
12.526	1
12.536	1
12.546	1
12.556	1
12.566	1
12.576	1
12.586	1
12.596	1
12.606	1
12.616	1
12.626	1
12.636	1
12.646	1
12.656	1
12.666	1
12.676	1
12.686	1
12.696	1
12.706	1
12.716	1
12.726	1
12.736	1
12.746	1
12.756	1
12.766	1
12.776	1
12.786	1
12.796	1
12.806	1
12.816	1
12.826	1
12.836	1
12.846	1
12.856	1
12.866	1
12.876	1
12.886	1
12.896	1
12.906	1
12.916	1
12.926	1
12.936	1
12.946	1
12.956	1
12.966	1
12.976	1
12.986	1
12.996	1
13.006	1
13.016	1
13.026	1
13.036	1
13.046	1
13.056	1
13.066	1
13.076	1
13.086	1
13.096	1
13.106	1
13.116	1
13.126	1
13.136	1
13.146	1
13.156	1
13.166	1
13.176	1
13.186	1
13.196	1
13.206	1
13.216	1
13.226	1
13.236	1
13.246	1
13.256	1
13.266	1
13.276	1
13.286	1
13.296	1
13.306	1
13.316	1
13.326	1
13.336	1
13.346	1
13.356	1
13.366	1
13.376	1
13.386	1
13.396	1
13.406	1
13.416	1
13.426	1
13.436	1
13.446	1
13.456	1
13.466	1
13.476	1
13.486	1
13.496	1
13.506	1
13.516	1
13.526	1
13.536	1
13.546	1
13.556	1
13.566	1
13.576	1
13.586	1
13.596	1
13.606	1
13.616	1
13.626	1
13.636	1
13.646	1
13.656	1
13.666	1
13.676	1
13.686	1
13.696	1
13.706	1
13.716	1
13.726	1
13.736	1
13.746	1
13.756	1
13.766	1
13.776	1
13.786	1
13.796	1
13.806	1
13.816	1
13.826	1
13.836	1
13.846	1
13.856	1
13.866	1
13.876	1
13.886	1
13.896	1
13.906	1
13.916	1
13.926	1
13.936	1
13.946	1
13.956	1
13.966	1
13.976	1
13.986	1
13.996	1
14.006	1
14.016	1
14.026	1
14.036	1
14.046	1
14.056	1
14.066	1
14.076	1
14.086	1
14.096	1
14.106	1
14.116	1
14.126	1
14.136	1
14.146	1
14.156	1
14.166	1
14.176	1
14.186	1
14.196	1
14.206	1
14.216	1
14.226	1
14.236	1
14.246	1
14.256	1
14.266	1
14.276	1
14.286	1
14.296	1
14.306	1
14.316	1
14.326	1
14.336	1
14.346	1
14.356	1
14.366	1
14.376	1
14.387	1
14.397	1
14.407	1
14.417	1
14.427	1
14.437	1
14.447	1
14.457	1
14.467	1
14.477	1
14.487	1
14.497	1
14.507	1
14.517	1
14.527	1
14.537	1
14.547	1
14.557	1
14.567	1
14.577	1
14.587	1
14.597	1
14.607	1
14.617	1
14.627	1
14.637	1
14.647	1
14.657	1
14.667	1
14.677	1
14.687	1
14.697	1
14.707	1
14.717	1
14.727	1
14.737	1
14.747	1
14.757	1
14.767	1
14.777	1
14.787	1
14.797	1
14.807	1
14.817	1
14.827	1
14.837	1
14.847	1
14.857	1
14.867	1
14.877	1
14.887	1
14.897	1
14.907	1
14.917	1
14.927	1
14.937	1
14.947	1
14.957	1
14.967	1
14.977	1
14.987	1
14.997	1
15.007	1
15.017	1
15.027	1
15.037	1
15.047	1
15.057	1
15.067	1
15.077	1
15.087	1
15.097	1
15.107	1
15.117	1
15.127	1
15.137	1
15.147	1
15.157	1
15.167	1
15.177	1
15.187	1
15.197	1
15.207	1
15.217	1
15.227	1
15.237	1
15.247	1
15.257	1
15.267	1
15.277	1
15.287	1
15.297	1
15.307	1
15.317	1
15.327	1
15.337	1
15.347	1
15.357	1
15.367	1
15.377	1
15.387	1
15.397	1
15.407	1
15.417	1
15.427	1
15.437	1
15.447	1
15.457	1
15.467	1
15.477	1
15.487	1
15.497	1
15.507	1
15.517	1
15.527	1
15.537	1
15.547	1
15.557	1
15.567	1
15.577	1
15.587	1
15.597	1
15.607	1
15.617	1
15.627	1
15.637	1
15.647	1
15.657	1
15.667	1
15.677	1
15.687	1
15.697	1
15.707	1
15.717	1
15.727	1
15.737	1
15.747	1
15.757	1
15.767	1
15.777	1
15.787	1
15.797	1
15.807	1
15.817	1
15.827	1
15.837	1
15.847	1
15.857	1
15.867	1
15.877	1
15.887	1
15.897	1
15.907	1
15.917	1
15.927	1
15.937	1
15.947	1
15.957	1
15.967	1
15.977	1
15.987	1
15.997	1
16.007	1
16.017	1
16.027	1
16.037	1
16.047	1
16.057	1
16.067	1
16.077	1
16.087	1
16.097	1
16.107	1
16.117	1
16.127	1
16.137	1
16.147	1
16.157	1
16.167	1
16.177	1
16.187	1
16.197	1
16.207	1
16.217	1
16.227	1
16.237	1
16.247	1
16.257	1
16.267	1
16.277	1
16.287	1
16.297	1
16.307	1
16.317	1
16.327	1
16.337	1
16.347	1
16.357	1
16.367	1
16.377	1
16.387	1
16.397	1
16.407	1
16.417	1
16.427	1
16.437	1
16.447	1
16.457	1
16.467	1
16.477	1
16.487	1
16.497	1
16.507	1
16.517	1
16.527	1
16.537	1
16.547	1
16.557	1
16.567	1
16.577	1
16.587	1
16.597	1
16.608	1
16.618	1
16.628	1
16.638	1
16.648	1
16.658	1
16.668	1
16.678	1
16.688	1
16.698	1
16.708	1
16.718	1
16.728	1
16.738	1
16.748	1
16.758	1
16.768	1
16.778	1
16.788	1
16.798	1
16.808	1
16.818	1
16.828	1
16.838	1
16.848	1
16.858	1
16.868	1
16.878	1
16.888	1
16.898	1
16.908	1
16.918	1
16.928	1
16.938	1
16.948	1
16.958	1
16.968	1
16.978	1
16.988	1
16.998	1
17.008	1
17.018	1
17.028	1
17.038	1
17.048	1
17.058	1
17.068	1
17.078	1
17.088	1
17.098	1
17.108	1
17.118	1
17.128	1
17.138	1
17.148	1
17.158	1
17.168	1
17.178	1
17.188	1
17.198	1
17.208	1
17.218	1
17.228	1
17.238	1
17.248	1
17.258	1
17.268	1
17.278	1
17.288	1
17.298	1
17.308	1
17.318	1
17.328	1
17.338	1
17.348	1
17.358	1
17.368	1
17.378	1
17.388	1
17.398	1
17.408	1
17.418	1
17.428	1
17.438	1
17.448	1
17.458	1
17.468	1
17.478	1
17.488	1
17.498	1
17.508	1
17.518	1
17.528	1
17.538	1
17.548	1
17.558	1
17.568	1
17.578	1
17.588	1
17.598	1
17.608	1
17.618	1
17.628	1
17.638	1
17.648	1
17.658	1
17.668	1
17.678	1
17.688	1
17.698	1
17.708	1
17.718	1
17.728	1
17.738	1
17.748	1
17.758	1
17.768	1
17.778	1
17.788	1
17.798	1
17.808	1
17.818	1
17.828	1
17.838	1
17.848	1
17.858	1
17.868	1
17.878	1
17.888	1
17.898	1
17.908	1
17.918	1
17.928	1
17.938	1
17.948	1
17.958	1
17.968	1
17.978	1
17.988	1
17.998	1
18.008	1
18.018	1
18.028	1
18.038	1
18.048	1
18.058	1
18.068	1
18.078	1
18.088	1
18.098	1
18.108	1
18.118	1
18.128	1
18.138	1
18.148	1
18.158	1
18.168	1
18.178	1
18.188	1
18.198	1
18.208	1
18.218	1
18.228	1
18.238	1
18.248	1
18.258	1
18.268	1
18.278	1
18.288	1
18.298	1
18.308	1
18.318	1
18.328	1
18.338	1
18.348	1
18.358	1
18.368	1
18.378	1
18.388	1
18.398	1
18.408	1
18.418	1
18.428	1
18.438	1
18.448	1
18.458	1
18.468	1
18.478	1
18.488	1
18.498	1
18.508	1
18.518	1
18.528	1
18.538	1
18.548	1
18.558	1
18.568	1
18.578	1
18.588	1
18.598	1
18.608	1
18.618	1
18.628	1
18.638	1
18.648	1
18.658	1
18.668	1
18.678	1
18.688	1
18.698	1
18.708	1
18.718	1
18.728	1
18.738	1
18.748	1
18.758	1
18.768	1
18.778	1
18.788	1
18.798	1
18.808	1
18.819	1
18.829	1
18.839	1
18.849	1
18.859	1
18.869	1
18.879	1
18.889	1
18.899	1
18.909	1
18.919	1
18.929	1
18.939	1
18.949	1
18.959	1
18.969	1
18.979	1
18.989	1
18.999	1
19.009	1
19.019	1
19.029	1
19.039	1
19.049	1
19.059	1
19.069	1
19.079	1
19.089	1
19.099	1
19.109	1
19.119	1
19.129	1
19.139	1
19.149	1
19.159	1
19.169	1
19.179	1
19.189	1
19.199	1
19.209	1
19.219	1
19.229	1
19.239	1
19.249	1
19.259	1
19.269	1
19.279	1
19.289	1
19.299	1
19.309	1
19.319	1
19.329	1
19.339	1
19.349	1
19.359	1
19.369	1
19.379	1
19.389	1
19.399	1
19.409	1
19.419	1
19.429	1
19.439	1
19.449	1
19.459	1
19.469	1
19.479	1
19.489	1
19.499	1
19.509	1
19.519	1
19.529	1
19.539	1
19.549	1
19.559	1
19.569	1
19.579	1
19.589	1
19.599	1
19.609	1
19.619	1
19.629	1
19.639	1
19.649	1
19.659	1
19.669	1
19.679	1
19.689	1
19.699	1
19.709	1
19.719	1
19.729	1
19.739	1
19.749	1
19.759	1
19.769	1
19.779	1
19.789	1
19.799	1
19.809	1
19.819	1
19.829	1
19.839	1
19.849	1
19.859	1
19.869	1
19.879	1
19.889	1
19.899	1
19.909	1
19.919	1
19.929	1
19.939	1
19.949	1
19.959	1
19.969	1
19.979	1
19.989	1
19.999	1
20.009	1
20.019	1
20.029	1
20.039	1
20.049	1
20.059	1
20.069	1
20.079	1
20.089	1
20.099	1
20.109	1
20.119	1
20.129	1
20.139	1
20.149	1
20.159	1
20.169	1
20.179	1
20.189	1
20.199	1
20.209	1
20.219	1
20.229	1
20.239	1
20.249	1
20.259	1
20.269	1
20.279	1
20.289	1
20.299	1
20.309	1
20.319	1
20.329	1
20.339	1
20.349	1
20.359	1
20.369	1
20.379	1
20.389	1
20.399	1
20.409	1
20.419	1
20.429	1
20.439	1
20.449	1
20.459	1
20.469	1
20.479	1
20.489	1
20.499	1
20.509	1
20.519	1
20.529	1
20.539	1
20.549	1
20.559	1
20.569	1
20.579	1
20.589	1
20.599	1
20.609	1
20.619	1
20.629	1
20.639	1
20.649	1
20.659	1
20.669	1
20.679	1
20.689	1
20.699	1
20.709	1
20.719	1
20.729	1
20.739	1
20.749	1
20.759	1
20.769	1
20.779	1
20.789	1
20.799	1
20.809	1
20.819	1
20.829	1
20.839	1
20.849	1
20.859	1
20.869	1
20.879	1
20.889	1
20.899	1
20.909	1
20.919	1
20.929	1
20.939	1
20.949	1
20.959	1
20.969	1
20.979	1
20.989	1
20.999	1
21.009	1
21.019	1
21.03	1
21.04	1
21.05	1
21.06	1
21.07	1
21.08	1
21.09	1
21.1	1
21.11	1
21.12	1
21.13	1
21.14	1
21.15	1
21.16	1
21.17	1
21.18	1
21.19	1
21.2	1
21.21	1
21.22	1
21.23	1
21.24	1
21.25	1
21.26	1
21.27	1
21.28	1
21.29	1
21.3	1
21.31	1
21.32	1
21.33	1
21.34	1
21.35	1
21.36	1
21.37	1
21.38	1
21.39	1
21.4	1
21.41	1
21.42	1
21.43	1
21.44	1
21.45	1
21.46	1
21.47	1
21.48	1
21.49	1
21.5	1
21.51	1
21.52	1
21.53	1
21.54	1
21.55	1
21.56	1
21.57	1
21.58	1
21.59	1
21.6	1
21.61	1
21.62	1
21.63	1
21.64	1
21.65	1
21.66	1
21.67	1
21.68	1
21.69	1
21.7	1
21.71	1
21.72	1
21.73	1
21.74	1
21.75	1
21.76	1
21.77	1
21.78	1
21.79	1
21.8	1
21.81	1
21.82	1
21.83	1
21.84	1
21.85	1
21.86	1
21.87	1
21.88	1
21.89	1
21.9	1
21.91	1
21.92	1
21.93	1
21.94	1
21.95	1
21.96	1
21.97	1
21.98	1
21.99	1
22	1
22.01	1
22.02	1
22.03	1
22.04	1
22.05	1
22.06	1
22.07	1
22.08	1
22.09	1
22.1	1
22.11	1
22.12	1
22.13	1
22.14	1
22.15	1
22.16	1
22.17	1
22.18	1
22.19	1
22.2	1
22.21	1
22.22	1
22.23	1
22.24	1
22.25	1
22.26	1
22.27	1
22.28	1
22.29	1
22.3	1
22.31	1
22.32	1
22.33	1
22.34	1
22.35	1
22.36	1
22.37	1
22.38	1
22.39	1
22.4	1
22.41	1
22.42	1
22.43	1
22.44	1
22.45	1
22.46	1
22.47	1
22.48	1
22.49	1
22.5	1
22.51	1
22.52	1
22.53	1
22.54	1
22.55	1
22.56	1
22.57	1
22.58	1
22.59	1
22.6	1
22.61	1
22.62	1
22.63	1
22.64	1
22.65	1
22.66	1
22.67	1
22.68	1
22.69	1
22.7	1
22.71	1
22.72	1
22.73	1
22.74	1
22.75	1
22.76	1
22.77	1
22.78	1
22.79	1
22.8	1
22.81	1
22.82	1
22.83	1
22.84	1
22.85	1
22.86	1
22.87	1
22.88	1
22.89	1
22.9	1
22.91	1
22.92	1
22.93	1
22.94	1
22.95	1
22.96	1
22.97	1
22.98	1
22.99	1
23	1
23.01	1
23.02	1
23.03	1
23.04	1
23.05	1
23.06	1
23.07	1
23.08	1
23.09	1
23.1	1
23.11	1
23.12	1
23.13	1
23.14	1
23.15	1
23.16	1
23.17	1
23.18	1
23.19	1
23.2	1
23.21	1
23.22	1
23.23	1
23.241	1
23.251	1
23.261	1
23.271	1
23.281	1
23.291	1
23.301	1
23.311	1
23.321	1
23.331	1
23.341	1
23.351	1
23.361	1
23.371	1
23.381	1
23.391	1
23.401	1
23.411	1
23.421	1
23.431	1
23.441	1
23.451	1
23.461	1
23.471	1
23.481	1
23.491	1
23.501	1
23.511	1
23.521	1
23.531	1
23.541	1
23.551	1
23.561	1
23.571	1
23.581	1
23.591	1
23.601	1
23.611	1
23.621	1
23.631	1
23.641	1
23.651	1
23.661	1
23.671	1
23.681	1
23.691	1
23.701	1
23.711	1
23.721	1
23.731	1
23.741	1
23.751	1
23.761	1
23.771	1
23.781	1
23.791	1
23.801	1
23.811	1
23.821	1
23.831	1
23.841	1
23.851	1
23.861	1
23.871	1
23.881	1
23.891	1
23.901	1
23.911	1
23.921	1
23.931	1
23.941	1
23.951	1
23.961	1
23.971	1
23.981	1
23.991	1
24.001	1
24.011	1
24.021	1
24.031	1
24.041	1
24.051	1
24.061	1
24.071	1
24.081	1
24.091	1
24.101	1
24.111	1
24.121	1
24.131	1
24.141	1
24.151	1
24.161	1
24.171	1
24.181	1
24.191	1
24.201	1
24.211	1
24.221	1
24.231	1
24.241	1
24.251	1
24.261	1
24.271	1
24.281	1
24.291	1
24.301	1
24.311	1
24.321	1
24.331	1
24.341	1
24.351	1
24.361	1
24.371	1
24.381	1
24.391	1
24.401	1
24.411	1
24.421	1
24.431	1
24.441	1
24.451	1
24.461	1
24.471	1
24.481	1
24.491	1
24.501	1
24.511	1
24.521	1
24.531	1
24.541	1
24.551	1
24.561	1
24.571	1
24.581	1
24.591	1
24.601	1
24.611	1
24.621	1
24.631	1
24.641	1
24.651	1
24.661	1
24.671	1
24.681	1
24.691	1
24.701	1
24.711	1
24.721	1
24.731	1
24.741	1
24.751	1
24.761	1
24.771	1
24.781	1
24.791	1
24.801	1
24.811	1
24.821	1
24.831	1
24.841	1
24.851	1
24.861	1
24.871	1
24.881	1
24.891	1
24.901	1
24.911	1
24.921	1
24.931	1
24.941	1
24.951	1
24.961	1
24.971	1
24.981	1
24.991	1
25.001	1
25.011	1
25.021	1
25.031	1
25.041	1
25.051	1
25.061	1
25.071	1
25.081	1
25.091	1
25.101	1
25.111	1
25.121	1
25.131	1
25.141	1
25.151	1
25.161	1
25.171	1
25.181	1
25.191	1
25.201	1
25.211	1
25.221	1
25.231	1
25.241	1
25.251	1
25.261	1
25.271	1
25.281	1
25.291	1
25.301	1
25.311	1
25.321	1
25.331	1
25.341	1
25.351	1
25.361	1
25.371	1
25.381	1
25.391	1
25.401	1
25.411	1
25.421	1
25.431	1
25.441	1
25.451	1
25.462	1
25.472	1
25.482	1
25.492	1
25.502	1
25.512	1
25.522	1
25.532	1
25.542	1
25.552	1
25.562	1
25.572	1
25.582	1
25.592	1
25.602	1
25.612	1
25.622	1
25.632	1
25.642	1
25.652	1
25.662	1
25.672	1
25.682	1
25.692	1
25.702	1
25.712	1
25.722	1
25.732	1
25.742	1
25.752	1
25.762	1
25.772	1
25.782	1
25.792	1
25.802	1
25.812	1
25.822	1
25.832	1
25.842	1
25.852	1
25.862	1
25.872	1
25.882	1
25.892	1
25.902	1
25.912	1
25.922	1
25.932	1
25.942	1
25.952	1
25.962	1
25.972	1
25.982	1
25.992	1
26.002	1
26.012	1
26.022	1
26.032	1
26.042	1
26.052	1
26.062	1
26.072	1
26.082	1
26.092	1
26.102	1
26.112	1
26.122	1
26.132	1
26.142	1
26.152	1
26.162	1
26.172	1
26.182	1
26.192	1
26.202	1
26.212	1
26.222	1
26.232	1
26.242	1
26.252	1
26.262	1
26.272	1
26.282	1
26.292	1
26.302	1
26.312	1
26.322	1
26.332	1
26.342	1
26.352	1
26.362	1
26.372	1
26.382	1
26.392	1
26.402	1
26.412	1
26.422	1
26.432	1
26.442	1
26.452	1
26.462	1
26.472	1
26.482	1
26.492	1
26.502	1
26.512	1
26.522	1
26.532	1
26.542	1
26.552	1
26.562	1
26.572	1
26.582	1
26.592	1
26.602	1
26.612	1
26.622	1
26.632	1
26.642	1
26.652	1
26.662	1
26.672	1
26.682	1
26.692	1
26.702	1
26.712	1
26.722	1
26.732	1
26.742	1
26.752	1
26.762	1
26.772	1
26.782	1
26.792	1
26.802	1
26.812	1
26.822	1
26.832	1
26.842	1
26.852	1
26.862	1
26.872	1
26.882	1
26.892	1
26.902	1
26.912	1
26.922	1
26.932	1
26.942	1
26.952	1
26.962	1
26.972	1
26.982	1
26.992	1
27.002	1
27.012	1
27.022	1
27.032	1
27.042	1
27.052	1
27.062	1
27.072	1
27.082	1
27.092	1
27.102	1
27.112	1
27.122	1
27.132	1
27.142	1
27.152	1
27.162	1
27.172	1
27.182	1
27.192	1
27.202	1
27.212	1
27.222	1
27.232	1
27.242	1
27.252	1
27.262	1
27.272	1
27.282	1
27.292	1
27.302	1
27.312	1
27.322	1
27.332	1
27.342	1
27.352	1
27.362	1
27.372	1
27.382	1
27.392	1
27.402	1
27.412	1
27.422	1
27.432	1
27.442	1
27.452	1
27.462	1
27.472	1
27.482	1
27.492	1
27.502	1
27.512	1
27.522	1
27.532	1
27.542	1
27.552	1
27.562	1
27.572	1
27.582	1
27.592	1
27.602	1
27.612	1
27.622	1
27.632	1
27.642	1
27.652	1
27.662	1
27.673	1
27.683	1
27.693	1
27.703	1
27.713	1
27.723	1
27.733	1
27.743	1
27.753	1
27.763	1
27.773	1
27.783	1
27.793	1
27.803	1
27.813	1
27.823	1
27.833	1
27.843	1
27.853	1
27.863	1
27.873	1
27.883	1
27.893	1
27.903	1
27.913	1
27.923	1
27.933	1
27.943	1
27.953	1
27.963	1
27.973	1
27.983	1
27.993	1
28.003	1
28.013	1
28.023	1
28.033	1
28.043	1
28.053	1
28.063	1
28.073	1
28.083	1
28.093	1
28.103	1
28.113	1
28.123	1
28.133	1
28.143	1
28.153	1
28.163	1
28.173	1
28.183	1
28.193	1
28.203	1
28.213	1
28.223	1
28.233	1
28.243	1
28.253	1
28.263	1
28.273	1
28.283	1
28.293	1
28.303	1
28.313	1
28.323	1
28.333	1
28.343	1
28.353	1
28.363	1
28.373	1
28.383	1
28.393	1
28.403	1
28.413	1
28.423	1
28.433	1
28.443	1
28.453	1
28.463	1
28.473	1
28.483	1
28.493	1
28.503	1
28.513	1
28.523	1
28.533	1
28.543	1
28.553	1
28.563	1
28.573	1
28.583	1
28.593	1
28.603	1
28.613	1
28.623	1
28.633	1
28.643	1
28.653	1
28.663	1
28.673	1
28.683	1
28.693	1
28.703	1
28.713	1
28.723	1
28.733	1
28.743	1
28.753	1
28.763	1
28.773	1
28.783	1
28.793	1
28.803	1
28.813	1
28.823	1
28.833	1
28.843	1
28.853	1
28.863	1
28.873	1
28.883	1
28.893	1
28.903	1
28.913	1
28.923	1
28.933	1
28.943	1
28.953	1
28.963	1
28.973	1
28.983	1
28.993	1
29.003	1
29.013	1
29.023	1
29.033	1
29.043	1
29.053	1
29.063	1
29.073	1
29.083	1
29.093	1
29.103	1
29.113	1
29.123	1
29.133	1
29.143	1
29.153	1
29.163	1
29.173	1
29.183	1
29.193	1
29.203	1
29.213	1
29.223	1
29.233	1
29.243	1
29.253	1
29.263	1
29.273	1
29.283	1
29.293	1
29.303	1
29.313	1
29.323	1
29.333	1
29.343	1
29.353	1
29.363	1
29.373	1
29.383	1
29.393	1
29.403	1
29.413	1
29.423	1
29.433	1
29.443	1
29.453	1
29.463	1
29.473	1
29.483	1
29.493	1
29.503	1
29.513	1
29.523	1
29.533	1
29.543	1
29.553	1
29.563	1
29.573	1
29.583	1
29.593	1
29.603	1
29.613	1
29.623	1
29.633	1
29.643	1
29.653	1
29.663	1
29.673	1
29.683	1
29.693	1
29.703	1
29.713	1
29.723	1
29.733	1
29.743	1
29.753	1
29.763	1
29.773	1
29.783	1
29.793	1
29.803	1
29.813	1
29.823	1
29.833	1
29.843	1
29.853	1
29.863	1
29.873	1
29.884	1
29.894	1
29.904	1
29.914	1
29.924	1
29.934	1
29.944	1
29.954	1
29.964	1
29.974	1
29.984	1
29.994	1
30.004	1
30.014	1
30.024	1
30.034	1
30.044	1
30.054	1
30.064	1
30.074	1
30.084	1
30.094	1
30.104	1
30.114	1
30.124	1
30.134	1
30.144	1
30.154	1
30.164	1
30.174	1
30.184	1
30.194	1
30.204	1
30.214	1
30.224	1
30.234	1
30.244	1
30.254	1
30.264	1
30.274	1
30.284	1
30.294	1
30.304	1
30.314	1
30.324	1
30.334	1
30.344	1
30.354	1
30.364	1
30.374	1
30.384	1
30.394	1
30.404	1
30.414	1
30.424	1
30.434	1
30.444	1
30.454	1
30.464	1
30.474	1
30.484	1
30.494	1
30.504	1
30.514	1
30.524	1
30.534	1
30.544	1
30.554	1
30.564	1
30.574	1
30.584	1
30.594	1
30.604	1
30.614	1
30.624	1
30.634	1
30.644	1
30.654	1
30.664	1
30.674	1
30.684	1
30.694	1
30.704	1
30.714	1
30.724	1
30.734	1
30.744	1
30.754	1
30.764	1
30.774	1
30.784	1
30.794	1
30.804	1
30.814	1
30.824	1
30.834	1
30.844	1
30.854	1
30.864	1
30.874	1
30.884	1
30.894	1
30.904	1
30.914	1
30.924	1
30.934	1
30.944	1
30.954	1
30.964	1
30.974	1
30.984	1
30.994	1
31.004	1
31.014	1
31.024	1
31.034	1
31.044	1
31.054	1
31.064	1
31.074	1
31.084	1
31.094	1
31.104	1
31.114	1
31.124	1
31.134	1
31.144	1
31.154	1
31.164	1
31.174	1
31.184	1
31.194	1
31.204	1
31.214	1
31.224	1
31.234	1
31.244	1
31.254	1
31.264	1
31.274	1
31.284	1
31.294	1
31.304	1
31.314	1
31.324	1
31.334	1
31.344	1
31.354	1
31.364	1
31.374	1
31.384	1
31.394	1
31.404	1
31.414	1
31.424	1
31.434	1
31.444	1
31.454	1
31.464	1
31.474	1
31.484	1
31.494	1
31.504	1
31.514	1
31.524	1
31.534	1
31.544	1
31.554	1
31.564	1
31.574	1
31.584	1
31.594	1
31.604	1
31.614	1
31.624	1
31.634	1
31.644	1
31.654	1
31.664	1
31.674	1
31.684	1
31.694	1
31.704	1
31.714	1
31.724	1
31.734	1
31.744	1
31.754	1
31.764	1
31.774	1
31.784	1
31.794	1
31.804	1
31.814	1
31.824	1
31.834	1
31.844	1
31.854	1
31.864	1
31.874	1
31.884	1
31.894	1
31.904	1
31.914	1
31.924	1
31.934	1
31.944	1
31.954	1
31.964	1
31.974	1
31.984	1
31.994	1
32.004	1
32.014	1
32.024	1
32.034	1
32.044	1
32.054	1
32.064	1
32.074	1
32.084	1
32.095	1
32.105	1
32.115	1
32.125	1
32.135	1
32.145	1
32.155	1
32.165	1
32.175	1
32.185	1
32.195	1
32.205	1
32.215	1
32.225	1
32.235	1
32.245	1
32.255	1
32.265	1
32.275	1
32.285	1
32.295	1
32.305	1
32.315	1
32.325	1
32.335	1
32.345	1
32.355	1
32.365	1
32.375	1
32.385	1
32.395	1
32.405	1
32.415	1
32.425	1
32.435	1
32.445	1
32.455	1
32.465	1
32.475	1
32.485	1
32.495	1
32.505	1
32.515	1
32.525	1
32.535	1
32.545	1
32.555	1
32.565	1
32.575	1
32.585	1
32.595	1
32.605	1
32.615	1
32.625	1
32.635	1
32.645	1
32.655	1
32.665	1
32.675	1
32.685	1
32.695	1
32.705	1
32.715	1
32.725	1
32.735	1
32.745	1
32.755	1
32.765	1
32.775	1
32.785	1
32.795	1
32.805	1
32.815	1
32.825	1
32.835	1
32.845	1
32.855	1
32.865	1
32.875	1
32.885	1
32.895	1
32.905	1
32.915	1
32.925	1
32.935	1
32.945	1
32.955	1
32.965	1
32.975	1
32.985	1
32.995	1
33.005	1
33.015	1
33.025	1
33.035	1
33.045	1
33.055	1
33.065	1
33.075	1
33.085	1
33.095	1
33.105	1
33.115	1
33.125	1
33.135	1
33.145	1
33.155	1
33.165	1
33.175	1
33.185	1
33.195	1
33.205	1
33.215	1
33.225	1
33.235	1
33.245	1
33.255	1
33.265	1
33.275	1
33.285	1
33.295	1
33.305	1
33.315	1
33.325	1
33.335	1
33.345	1
33.355	1
33.365	1
33.375	1
33.385	1
33.395	1
33.405	1
33.415	1
33.425	1
33.435	1
33.445	1
33.455	1
33.465	1
33.475	1
33.485	1
33.495	1
33.505	1
33.515	1
33.525	1
33.535	1
33.545	1
33.555	1
33.565	1
33.575	1
33.585	1
33.595	1
33.605	1
33.615	1
33.625	1
33.635	1
33.645	1
33.655	1
33.665	1
33.675	1
33.685	1
33.695	1
33.705	1
33.715	1
33.725	1
33.735	1
33.745	1
33.755	1
33.765	1
33.775	1
33.785	1
33.795	1
33.805	1
33.815	1
33.825	1
33.835	1
33.845	1
33.855	1
33.865	1
33.875	1
33.885	1
33.895	1
33.905	1
33.915	1
33.925	1
33.935	1
33.945	1
33.955	1
33.965	1
33.975	1
33.985	1
33.995	1
34.005	1
34.015	1
34.025	1
34.035	1
34.045	1
34.055	1
34.065	1
34.075	1
34.085	1
34.095	1
34.105	1
34.115	1
34.125	1
34.135	1
34.145	1
34.155	1
34.165	1
34.175	1
34.185	1
34.195	1
34.205	1
34.215	1
34.225	1
34.235	0
34.245	0
34.255	0
34.265	0
34.275	0
34.285	0
34.295	0
34.306	0
34.316	0
34.326	0
34.336	0
34.346	0
34.356	0
34.366	0
34.376	0
34.386	0
34.396	0
34.406	0
34.416	0
34.426	0
34.436	0
34.446	0
34.456	0
34.466	0
34.476	0
34.486	0
34.496	0
34.506	0
34.516	0
34.526	0
34.536	0
34.546	0
34.556	0
34.566	0
34.576	0
34.586	0
34.596	0
34.606	0
34.616	0
34.626	0
34.636	0
34.646	0
34.656	0
34.666	0
34.676	0
34.686	0
34.696	0
34.706	0
34.716	0
34.726	0
34.736	0
34.746	0
34.756	0
34.766	0
34.776	0
34.786	0
34.796	0
34.806	0
34.816	0
34.826	0
34.836	0
34.846	0
34.856	0
34.866	0
34.876	0
34.886	0
34.896	0
34.906	0
34.916	0
34.926	0
34.936	0
34.946	0
34.956	0
34.966	0
34.976	0
34.986	0
34.996	0
35.006	0
35.016	0
35.026	0
35.036	0
35.046	0
35.056	0
35.066	0
35.076	0
35.086	0
35.096	0
35.106	0
35.116	0
35.126	0
35.136	0
35.146	0
35.156	0
35.166	0
35.176	0
35.186	0
35.196	0
35.206	0
35.216	0
35.226	0
35.236	0
35.246	0
35.256	0
35.266	0
35.276	0
35.286	0
35.296	0
35.306	0
35.316	0
35.326	0
35.336	0
35.346	0
35.356	0
35.366	0
35.376	0
35.386	0
35.396	0
35.406	0
35.416	0
35.426	0
35.436	0
35.446	0
35.456	0
35.466	0
35.476	0
35.486	0
35.496	0
35.506	0
35.516	0
35.526	0
35.536	0
35.546	0
35.556	0
35.566	0
35.576	0
35.586	0
35.596	0
35.606	0
35.616	0
35.626	0
35.636	0
35.646	0
35.656	0
35.666	0
35.676	0
35.686	0
35.696	0
35.706	0
35.716	0
35.726	0
35.736	0
35.746	0
35.756	0
35.766	0
35.776	0
35.786	0
35.796	0
35.806	0
35.816	0
35.826	0
35.836	0
35.846	0
35.856	0
35.866	0
35.876	0
35.886	0
35.896	0
35.906	0
35.916	0
35.926	0
35.936	0
35.946	0
35.956	0
35.966	0
35.976	0
35.986	0
35.996	0
36.006	0
36.016	0
36.026	0
36.036	0
36.046	0
36.056	0
36.066	0
36.076	0
36.086	0
36.096	0
36.106	0
36.116	0
36.126	0
36.136	0
36.146	0
36.156	0
36.166	0
36.176	0
36.186	0
36.196	0
36.206	0
36.216	0
36.226	0
36.236	0
36.246	0
36.256	0
36.266	0
36.276	0
36.286	0
36.296	0
36.306	0
36.316	0
36.326	0
36.336	0
36.346	0
36.356	0
36.366	0
36.376	0
36.386	0
36.396	0
36.406	0
36.416	0
36.426	0
36.436	0
36.446	0
36.456	0
36.466	0
36.476	0
36.486	0
36.496	0
36.506	0
36.516	0
36.527	0
36.537	0
36.547	0
36.557	0
36.567	0
36.577	0
36.587	0
36.597	0
36.607	0
36.617	0
36.627	0
36.637	0
36.647	0
36.657	0
36.667	0
36.677	0
36.687	0
36.697	0
36.707	0
36.717	0
36.727	0
36.737	0
36.747	0
36.757	0
36.767	0
36.777	0
36.787	0
36.797	0
36.807	0
36.817	0
36.827	0
36.837	0
36.847	0
36.857	0
36.867	0
36.877	0
36.887	0
36.897	0
36.907	0
36.917	0
36.927	0
36.937	0
36.947	0
36.957	0
36.967	0
36.977	0
36.987	0
36.997	0
37.007	0
37.017	0
37.027	0
37.037	0
37.047	0
37.057	0
37.067	0
37.077	0
37.087	0
37.097	0
37.107	0
37.117	0
37.127	0
37.137	0
37.147	0
37.157	0
37.167	0
37.177	0
37.187	0
37.197	0
37.207	0
37.217	0
37.227	0
37.237	0
37.247	0
37.257	0
37.267	0
37.277	0
37.287	0
37.297	0
37.307	0
37.317	0
37.327	0
37.337	0
37.347	0
37.357	0
37.367	0
37.377	0
37.387	0
37.397	0
37.407	0
37.417	0
37.427	0
37.437	0
37.447	0
37.457	0
37.467	0
37.477	0
37.487	0
37.497	0
37.507	0
37.517	0
37.527	0
37.537	0
37.547	0
37.557	0
37.567	0
37.577	0
37.587	0
37.597	0
37.607	0
37.617	0
37.627	0
37.637	0
37.647	0
37.657	0
37.667	0
37.677	0
37.687	0
37.697	0
37.707	0
37.717	0
37.727	0
37.737	0
37.747	0
37.757	0
37.767	0
37.777	0
37.787	0
37.797	0
37.807	0
37.817	0
37.827	0
37.837	0
37.847	0
37.857	0
37.867	0
37.877	0
37.887	0
37.897	0
37.907	0
37.917	0
37.927	0
37.937	0
37.947	0
37.957	0
37.967	0
37.977	0
37.987	0
37.997	0
38.007	0
38.017	0
38.027	0
38.037	0
38.047	0
38.057	0
38.067	0
38.077	0
38.087	0
38.097	0
38.107	0
38.117	0
38.127	0
38.137	0
38.147	0
38.157	0
38.167	0
38.177	0
38.187	0
38.197	0
38.207	0
38.217	0
38.227	0
38.237	0
38.247	0
38.257	0
38.267	0
38.277	0
38.287	0
38.297	0
38.307	0
38.317	0
38.327	0
38.337	0
38.347	0
38.357	0
38.367	0
38.377	0
38.387	0
38.397	0
38.407	0
38.417	0
38.427	0
38.437	0
38.447	0
38.457	0
38.467	0
38.477	0
38.487	0
38.497	0
38.507	0
38.517	0
38.527	0
38.537	0
38.547	0
38.557	0
38.567	0
38.577	0
38.587	0
38.597	0
38.607	0
38.617	0
38.627	0
38.637	0
38.647	0
38.657	0
38.667	0
38.677	0
38.687	0
38.697	0
38.707	0
38.717	0
38.727	0
38.738	0
38.748	0
38.758	0
38.768	0
38.778	0
38.788	0
38.798	0
38.808	0
38.818	0
38.828	0
38.838	0
38.848	0
38.858	0
38.868	0
38.878	0
38.888	0
38.898	0
38.908	0
38.918	0
38.928	0
38.938	0
38.948	0
38.958	0
38.968	0
38.978	0
38.988	0
38.998	0
39.008	0
39.018	0
39.028	0
39.038	0
39.048	0
39.058	0
39.068	0
39.078	0
39.088	0
39.098	0
39.108	0
39.118	0
39.128	0
39.138	0
39.148	0
39.158	0
39.168	0
39.178	0
39.188	0
39.198	0
39.208	0
39.218	0
39.228	0
39.238	0
39.248	0
39.258	0
39.268	0
39.278	0
39.288	0
39.298	0
39.308	0
39.318	0
39.328	0
39.338	0
39.348	0
39.358	0
39.368	0
39.378	0
39.388	0
39.398	0
39.408	0
39.418	0
39.428	0
39.438	0
39.448	0
39.458	0
39.468	0
39.478	0
39.488	0
39.498	0
39.508	0
39.518	0
39.528	0
39.538	0
39.548	0
39.558	0
39.568	0
39.578	0
39.588	0
39.598	0
39.608	0
39.618	0
39.628	0
39.638	0
39.648	0
39.658	0
39.668	0
39.678	0
39.688	0
39.698	0
39.708	0
39.718	0
39.728	0
39.738	0
39.748	0
39.758	0
39.768	0
39.778	0
39.788	0
39.798	0
39.808	0
39.818	0
39.828	0
39.838	0
39.848	0
39.858	0
39.868	0
39.878	0
39.888	0
39.898	0
39.908	0
39.918	0
39.928	0
39.938	0
39.948	0
39.958	0
39.968	0
39.978	0
39.988	0
39.998	0
40.008	0
40.018	0
40.028	0
40.038	0
40.048	0
40.058	0
40.068	0
40.078	0
40.088	0
40.098	0
40.108	0
40.118	0
40.128	0
40.138	0
40.148	0
40.158	0
40.168	0
40.178	0
40.188	0
40.198	0
40.208	0
40.218	0
40.228	0
40.238	0
40.248	0
40.258	0
40.268	0
40.278	0
40.288	0
40.298	0
40.308	0
40.318	0
40.328	0
40.338	0
40.348	0
40.358	0
40.368	0
40.378	0
40.388	0
40.398	0
40.408	0
40.418	0
40.428	0
40.438	0
40.448	0
40.458	0
40.468	0
40.478	0
40.488	0
40.498	0
40.508	0
40.518	0
40.528	0
40.538	0
40.548	0
40.558	0
40.568	0
40.578	0
40.588	0
40.598	0
40.608	0
40.618	0
40.628	0
40.638	0
40.648	0
40.658	0
40.668	0
40.678	0
40.688	0
40.698	0
40.708	0
40.718	0
40.728	0
40.738	0
40.748	0
40.758	0
40.768	0
40.778	0
40.788	0
40.798	0
40.808	0
40.818	0
40.828	0
40.838	0
40.848	0
40.858	0
40.868	0
40.878	0
40.888	0
40.898	0
40.908	0
40.918	0
40.928	0
40.938	0
40.949	0
40.959	0
40.969	0
40.979	0
40.989	0
40.999	0
41.009	0
41.019	0
41.029	0
41.039	0
41.049	0
41.059	0
41.069	0
41.079	0
41.089	0
41.099	0
41.109	0
41.119	0
41.129	0
41.139	0
41.149	0
41.159	0
41.169	0
41.179	0
41.189	0
41.199	0
41.209	0
41.219	0
41.229	0
41.239	0
41.249	0
41.259	0
41.269	0
41.279	0
41.289	0
41.299	0
41.309	0
41.319	0
41.329	0
41.339	0
41.349	0
41.359	0
41.369	0
41.379	0
41.389	0
41.399	0
41.409	0
41.419	0
41.429	0
41.439	0
41.449	0
41.459	0
41.469	0
41.479	0
41.489	0
41.499	0
41.509	0
41.519	0
41.529	0
41.539	0
41.549	0
41.559	0
41.569	0
41.579	0
41.589	0
41.599	0
41.609	0
41.619	0
41.629	0
41.639	0
41.649	0
41.659	0
41.669	0
41.679	0
41.689	0
41.699	0
41.709	0
41.719	0
41.729	0
41.739	0
41.749	0
41.759	0
41.769	0
41.779	0
41.789	0
41.799	0
41.809	0
41.819	0
41.829	0
41.839	0
41.849	0
41.859	0
41.869	0
41.879	0
41.889	0
41.899	0
41.909	0
41.919	0
41.929	0
41.939	0
41.949	0
41.959	0
41.969	0
41.979	0
41.989	0
41.999	0
42.009	0
42.019	0
42.029	0
42.039	0
42.049	0
42.059	0
42.069	0
42.079	0
42.089	0
42.099	0
42.109	0
42.119	0
42.129	0
42.139	0
42.149	0
42.159	0
42.169	0
42.179	0
42.189	0
42.199	0
42.209	0
42.219	0
42.229	0
42.239	0
42.249	0
42.259	0
42.269	0
42.279	0
42.289	0
42.299	0
42.309	0
42.319	0
42.329	0
42.339	0
42.349	0
42.359	0
42.369	0
42.379	0
42.389	0
42.399	0
42.409	0
42.419	0
42.429	0
42.439	0
42.449	0
42.459	0
42.469	0
42.479	0
42.489	0
42.499	0
42.509	0
42.519	0
42.529	0
42.539	0
42.549	0
42.559	0
42.569	0
42.579	0
42.589	0
42.599	0
42.609	0
42.619	0
42.629	0
42.639	0
42.649	0
42.659	0
42.669	0
42.679	0
42.689	0
42.699	0
42.709	0
42.719	0
42.729	0
42.739	0
42.749	0
42.759	0
42.769	0
42.779	0
42.789	0
42.799	0
42.809	0
42.819	0
42.829	0
42.839	0
42.849	0
42.859	0
42.869	0
42.879	0
42.889	0
42.899	0
42.909	0
42.919	0
42.929	0
42.939	0
42.949	0
42.959	0
42.969	0
42.979	0
42.989	0
42.999	0
43.009	0
43.019	0
43.029	0
43.039	0
43.049	0
43.059	0
43.069	0
43.079	0
43.089	0
43.099	0
43.109	0
43.119	0
43.129	0
43.139	0
43.149	0
43.16	0
43.17	0
43.18	0
43.19	0
43.2	0
43.21	0
43.22	0
43.23	0
43.24	0
43.25	0
43.26	0
43.27	0
43.28	0
43.29	0
43.3	0
43.31	0
43.32	0
43.33	0
43.34	0
43.35	0
43.36	0
43.37	0
43.38	0
43.39	0
43.4	0
43.41	0
43.42	0
43.43	0
43.44	0
43.45	0
43.46	0
43.47	0
43.48	0
43.49	0
43.5	0
43.51	0
43.52	0
43.53	0
43.54	0
43.55	0
43.56	0
43.57	0
43.58	0
43.59	0
43.6	0
43.61	0
43.62	0
43.63	0
43.64	0
43.65	0
43.66	0
43.67	0
43.68	0
43.69	0
43.7	0
43.71	0
43.72	0
43.73	0
43.74	0
43.75	0
43.76	0
43.77	0
43.78	0
43.79	0
43.8	0
43.81	0
43.82	0
43.83	0
43.84	0
43.85	0
43.86	0
43.87	0
43.88	0
43.89	0
43.9	0
43.91	0
43.92	0
43.93	0
43.94	0
43.95	0
43.96	0
43.97	0
43.98	0
43.99	0
44	0
44.01	0
44.02	0
44.03	0
44.04	0
44.05	0
44.06	0
44.07	0
44.08	0
44.09	0
44.1	0
44.11	0
44.12	0
44.13	0
44.14	0
44.15	0
44.16	0
44.17	0
44.18	0
44.19	0
44.2	0
44.21	0
44.22	0
44.23	0
44.24	0
44.25	0
44.26	0
44.27	0
44.28	0
44.29	0
44.3	0
44.31	0
44.32	0
44.33	0
44.34	0
44.35	0
44.36	0
44.37	0
44.38	0
44.39	0
44.4	0
44.41	0
44.42	0
44.43	0
44.44	0
44.45	0
44.46	0
44.47	0
44.48	0
44.49	0
44.5	0
44.51	0
44.52	0
44.53	0
44.54	0
44.55	0
44.56	0
44.57	0
44.58	0
44.59	0
44.6	0
44.61	0
44.62	0
44.63	0
44.64	0
44.65	0
44.66	0
44.67	0
44.68	0
44.69	0
44.7	0
44.71	0
44.72	0
44.73	0
44.74	0
44.75	0
44.76	0
44.77	0
44.78	0
44.79	0
44.8	0
44.81	0
44.82	0
44.83	0
44.84	0
44.85	0
44.86	0
44.87	0
44.88	0
44.89	0
44.9	0
44.91	0
44.92	0
44.93	0
44.94	0
44.95	0
44.96	0
44.97	0
44.98	0
44.99	0
45	0
45.01	0
45.02	0
45.03	0
45.04	0
45.05	0
45.06	0
45.07	0
45.08	0
45.09	0
45.1	0
45.11	0
45.12	0
45.13	0
45.14	0
45.15	0
45.16	0
45.17	0
45.18	0
45.19	0
45.2	0
45.21	0
45.22	0
45.23	0
45.24	0
45.25	0
45.26	0
45.27	0
45.28	0
45.29	0
45.3	0
45.31	0
45.32	0
45.33	0
45.34	0
45.35	0
45.36	0
45.371	0
45.381	0
45.391	0
45.401	0
45.411	0
45.421	0
45.431	0
45.441	0
45.451	0
45.461	0
45.471	0
45.481	0
45.491	0
45.501	0
45.511	0
45.521	0
45.531	0
45.541	0
45.551	0
45.561	0
45.571	0
45.581	0
45.591	0
45.601	0
45.611	0
45.621	0
45.631	0
45.641	0
45.651	0
45.661	0
45.671	0
45.681	0
45.691	0
45.701	0
45.711	0
45.721	0
45.731	0
45.741	0
45.751	0
45.761	0
45.771	0
45.781	0
45.791	0
45.801	0
45.811	0
45.821	0
45.831	0
45.841	0
45.851	0
45.861	0
45.871	0
45.881	0
45.891	0
45.901	0
45.911	0
45.921	0
45.931	0
45.941	0
45.951	0
45.961	0
45.971	0
45.981	0
45.991	0
46.001	0
46.011	0
46.021	0
46.031	0
46.041	0
46.051	0
46.061	0
46.071	0
46.081	0
46.091	0
46.101	0
46.111	0
46.121	0
46.131	0
46.141	0
46.151	0
46.161	0
46.171	0
46.181	0
46.191	0
46.201	0
46.211	0
46.221	0
46.231	0
46.241	0
46.251	0
46.261	0
46.271	0
46.281	0
46.291	0
46.301	0
46.311	0
46.321	0
46.331	0
46.341	0
46.351	0
46.361	0
46.371	0
46.381	0
46.391	0
46.401	0
46.411	0
46.421	0
46.431	0
46.441	0
46.451	0
46.461	0
46.471	0
46.481	0
46.491	0
46.501	0
46.511	0
46.521	0
46.531	0
46.541	0
46.551	0
46.561	0
46.571	0
46.581	0
46.591	0
46.601	0
46.611	0
46.621	0
46.631	0
46.641	0
46.651	0
46.661	0
46.671	0
46.681	0
46.691	0
46.701	0
46.711	0
46.721	0
46.731	0
46.741	0
46.751	0
46.761	0
46.771	0
46.781	0
46.791	0
46.801	0
46.811	0
46.821	0
46.831	0
46.841	0
46.851	0
46.861	0
46.871	0
46.881	0
46.891	0
46.901	0
46.911	0
46.921	0
46.931	0
46.941	0
46.951	0
46.961	0
46.971	0
46.981	0
46.991	0
47.001	0
47.011	0
47.021	0
47.031	0
47.041	0
47.051	0
47.061	0
47.071	0
47.081	0
47.091	0
47.101	0
47.111	0
47.121	0
47.131	0
47.141	0
47.151	0
47.161	0
47.171	0
47.181	0
47.191	0
47.201	0
47.211	0
47.221	0
47.231	0
47.241	0
47.251	0
47.261	0
47.271	0
47.281	0
47.291	0
47.301	0
47.311	0
47.321	0
47.331	0
47.341	0
47.351	0
47.361	0
47.371	0
47.381	0
47.391	0
47.401	0
47.411	0
47.421	0
47.431	0
47.441	0
47.451	0
47.461	0
47.471	0
47.481	0
47.491	0
47.501	0
47.511	0
47.521	0
47.531	0
47.541	0
47.551	0
47.561	0
47.571	0
47.581	0
47.592	0
47.602	0
47.612	0
47.622	0
47.632	0
47.642	0
47.652	0
47.662	0
47.672	0
47.682	0
47.692	0
47.702	0
47.712	0
47.722	0
47.732	0
47.742	0
47.752	0
47.762	0
47.772	0
47.782	0
47.792	0
47.802	0
47.812	0
47.822	0
47.832	0
47.842	0
47.852	0
47.862	0
47.872	0
47.882	0
47.892	0
47.902	0
47.912	0
47.922	0
47.932	0
47.942	0
47.952	0
47.962	0
47.972	0
47.982	0
47.992	0
48.002	0
48.012	0
48.022	0
48.032	0
48.042	0
48.052	0
48.062	0
48.072	0
48.082	0
48.092	0
48.102	0
48.112	0
48.122	0
48.132	0
48.142	1
48.152	1
48.162	1
48.172	1
48.182	1
48.192	1
48.202	1
48.212	1
48.222	1
48.232	1
48.242	1
48.252	1
48.262	1
48.272	1
48.282	1
48.292	1
48.302	1
48.312	1
48.322	1
48.332	1
48.342	1
48.352	1
48.362	1
48.372	1
48.382	1
48.392	1
48.402	1
48.412	1
48.422	1
48.432	1
48.442	1
48.452	1
48.462	1
48.472	1
48.482	1
48.492	1
48.502	1
48.512	1
48.522	1
48.532	1
48.542	1
48.552	1
48.562	1
48.572	1
48.582	1
48.592	1
48.602	1
48.612	1
48.622	1
48.632	1
48.642	1
48.652	1
48.662	1
48.672	1
48.682	1
48.692	1
48.702	1
48.712	1
48.722	1
48.732	1
48.742	1
48.752	1
48.762	1
48.772	1
48.782	1
48.792	1
48.802	1
48.812	1
48.822	1
48.832	1
48.842	1
48.852	1
48.862	1
48.872	1
48.882	1
48.892	1
48.902	1
48.912	1
48.922	1
48.932	1
48.942	1
48.952	1
48.962	1
48.972	1
48.982	1
48.992	1
49.002	1
49.012	1
49.022	1
49.032	1
49.042	1
49.052	1
49.062	1
49.072	1
49.082	1
49.092	1
49.102	1
49.112	1
49.122	1
49.132	1
49.142	1
49.152	1
49.162	1
49.172	1
49.182	1
49.192	1
49.202	1
49.212	1
49.222	1
49.232	1
49.242	1
49.252	1
49.262	1
49.272	1
49.282	1
49.292	1
49.302	1
49.312	1
49.322	1
49.332	1
49.342	1
49.352	1
49.362	1
49.372	1
49.382	1
49.392	1
49.402	1
49.412	1
49.422	1
49.432	1
49.442	1
49.452	1
49.462	1
49.472	1
49.482	1
49.492	1
49.502	1
49.512	1
49.522	1
49.532	1
49.542	1
49.552	1
49.562	1
49.572	1
49.582	1
49.592	1
49.602	1
49.612	1
49.622	1
49.632	1
49.642	1
49.652	1
49.662	1
49.672	1
49.682	1
49.692	1
49.702	1
49.712	1
49.722	1
49.732	1
49.742	1
49.752	1
49.762	1
49.772	1
49.782	1
49.792	1
49.803	1
49.813	1
49.823	1
49.833	1
49.843	1
49.853	1
49.863	1
49.873	1
49.883	1
49.893	1
49.903	1
49.913	1
49.923	1
49.933	1
49.943	1
49.953	1
49.963	1
49.973	1
49.983	1
49.993	1
50.003	1
50.013	1
50.023	1
50.033	1
50.043	1
50.053	1
50.063	1
50.073	1
50.083	1
50.093	1
50.103	1
50.113	1
50.123	1
50.133	1
50.143	1
50.153	1
50.163	1
50.173	1
50.183	1
50.193	1
50.203	1
50.213	1
50.223	1
50.233	1
50.243	1
50.253	1
50.263	1
50.273	1
50.283	1
50.293	1
50.303	1
50.313	1
50.323	1
50.333	1
50.343	1
50.353	1
50.363	1
50.373	1
50.383	1
50.393	1
50.403	1
50.413	1
50.423	1
50.433	1
50.443	1
50.453	1
50.463	1
50.473	1
50.483	1
50.493	1
50.503	1
50.513	1
50.523	1
50.533	1
50.543	1
50.553	1
50.563	1
50.573	1
50.583	1
50.593	1
50.603	1
50.613	1
50.623	1
50.633	1
50.643	1
50.653	1
50.663	1
50.673	1
50.683	1
50.693	1
50.703	1
50.713	1
50.723	1
50.733	1
50.743	1
50.753	1
50.763	1
50.773	1
50.783	1
50.793	1
50.803	1
50.813	1
50.823	1
50.833	1
50.843	1
50.853	1
50.863	1
50.873	1
50.883	1
50.893	1
50.903	1
50.913	1
50.923	1
50.933	1
50.943	1
50.953	1
50.963	1
50.973	1
50.983	1
50.993	1
51.003	1
51.013	1
51.023	1
51.033	1
51.043	1
51.053	1
51.063	1
51.073	1
51.083	1
51.093	1
51.103	1
51.113	1
51.123	1
51.133	1
51.143	1
51.153	1
51.163	1
51.173	1
51.183	1
51.193	1
51.203	1
51.213	1
51.223	1
51.233	1
51.243	1
51.253	1
51.263	1
51.273	1
51.283	1
51.293	1
51.303	1
51.313	1
51.323	1
51.333	1
51.343	1
51.353	1
51.363	1
51.373	1
51.383	1
51.393	1
51.403	1
51.413	1
51.423	1
51.433	1
51.443	1
51.453	1
51.463	1
51.473	1
51.483	1
51.493	1
51.503	1
51.513	1
51.523	1
51.533	1
51.543	1
51.553	1
51.563	1
51.573	1
51.583	1
51.593	1
51.603	1
51.613	1
51.623	1
51.633	1
51.643	1
51.653	1
51.663	1
51.673	1
51.683	1
51.693	1
51.703	1
51.713	1
51.723	1
51.733	1
51.743	1
51.753	1
51.763	1
51.773	1
51.783	1
51.793	1
51.803	1
51.813	1
51.823	1
51.833	1
51.843	1
51.853	1
51.863	1
51.873	1
51.883	1
51.893	1
51.903	1
51.913	1
51.923	1
51.933	1
51.943	1
51.953	1
51.963	1
51.973	1
51.983	1
51.993	1
52.003	1
52.014	1
52.024	1
52.034	1
52.044	1
52.054	1
52.064	1
52.074	1
52.084	1
52.094	1
52.104	1
52.114	1
52.124	1
52.134	1
52.144	1
52.154	1
52.164	1
52.174	1
52.184	1
52.194	1
52.204	1
52.214	1
52.224	1
52.234	1
52.244	1
52.254	1
52.264	1
52.274	1
52.284	1
52.294	1
52.304	1
52.314	1
52.324	1
52.334	1
52.344	1
52.354	1
52.364	1
52.374	1
52.384	1
52.394	1
52.404	1
52.414	1
52.424	1
52.434	1
52.444	1
52.454	1
52.464	1
52.474	1
52.484	1
52.494	1
52.504	1
52.514	1
52.524	1
52.534	1
52.544	1
52.554	1
52.564	1
52.574	1
52.584	1
52.594	1
52.604	1
52.614	1
52.624	1
52.634	1
52.644	1
52.654	1
52.664	1
52.674	1
52.684	1
52.694	1
52.704	1
52.714	1
52.724	1
52.734	1
52.744	1
52.754	1
52.764	1
52.774	1
52.784	1
52.794	1
52.804	1
52.814	1
52.824	1
52.834	1
52.844	1
52.854	1
52.864	1
52.874	1
52.884	1
52.894	1
52.904	1
52.914	1
52.924	1
52.934	1
52.944	1
52.954	1
52.964	1
52.974	1
52.984	1
52.994	1
53.004	1
53.014	1
53.024	1
53.034	1
53.044	1
53.054	1
53.064	1
53.074	1
53.084	1
53.094	1
53.104	1
53.114	1
53.124	1
53.134	1
53.144	1
53.154	1
53.164	1
53.174	1
53.184	1
53.194	1
53.204	1
53.214	1
53.224	1
53.234	1
53.244	1
53.254	1
53.264	1
53.274	1
53.284	1
53.294	1
53.304	1
53.314	1
53.324	1
53.334	1
53.344	1
53.354	1
53.364	1
53.374	1
53.384	1
53.394	1
53.404	1
53.414	1
53.424	1
53.434	1
53.444	1
53.454	1
53.464	1
53.474	1
53.484	1
53.494	1
53.504	1
53.514	1
53.524	1
53.534	1
53.544	1
53.554	1
53.564	1
53.574	1
53.584	1
53.594	1
53.604	1
53.614	1
53.624	1
53.634	1
53.644	1
53.654	1
53.664	1
53.674	1
53.684	1
53.694	1
53.704	1
53.714	1
53.724	1
53.734	1
53.744	1
53.754	1
53.764	1
53.774	1
53.784	1
53.794	1
53.804	1
53.814	1
53.824	1
53.834	1
53.844	1
53.854	1
53.864	1
53.874	1
53.884	1
53.894	1
53.904	1
53.914	1
53.924	1
53.934	1
53.944	1
53.954	1
53.964	1
53.974	1
53.984	1
53.994	1
54.004	1
54.014	1
54.024	1
54.034	1
54.044	1
54.054	1
54.064	1
54.074	1
54.084	1
54.094	1
54.104	1
54.114	1
54.124	1
54.134	1
54.144	1
54.154	1
54.164	1
54.174	1
54.184	1
54.194	1
54.204	1
54.214	1
54.225	1
54.235	1
54.245	1
54.255	1
54.265	1
54.275	1
54.285	1
54.295	1
54.305	1
54.315	1
54.325	1
54.335	1
54.345	1
54.355	1
54.365	1
54.375	1
54.385	1
54.395	1
54.405	1
54.415	1
54.425	1
54.435	1
54.445	1
54.455	1
54.465	1
54.475	1
54.485	1
54.495	1
54.505	1
54.515	1
54.525	1
54.535	1
54.545	1
54.555	1
54.565	1
54.575	1
54.585	1
54.595	1
54.605	1
54.615	1
54.625	1
54.635	1
54.645	1
54.655	1
54.665	1
54.675	1
54.685	1
54.695	1
54.705	1
54.715	1
54.725	1
54.735	1
54.745	1
54.755	1
54.765	1
54.775	1
54.785	1
54.795	1
54.805	1
54.815	1
54.825	1
54.835	1
54.845	1
54.855	1
54.865	1
54.875	1
54.885	1
54.895	1
54.905	1
54.915	1
54.925	1
54.935	1
54.945	1
54.955	1
54.965	1
54.975	1
54.985	1
54.995	1
55.005	1
55.015	1
55.025	1
55.035	1
55.045	1
55.055	1
55.065	1
55.075	1
55.085	1
55.095	1
55.105	1
55.115	1
55.125	1
55.135	1
55.145	1
55.155	1
55.165	1
55.175	1
55.185	1
55.195	1
55.205	1
55.215	1
55.225	1
55.235	1
55.245	1
55.255	1
55.265	1
55.275	1
55.285	1
55.295	1
55.305	1
55.315	1
55.325	1
55.335	1
55.345	1
55.355	1
55.365	1
55.375	1
55.385	1
55.395	1
55.405	1
55.415	1
55.425	1
55.435	1
55.445	1
55.455	1
55.465	1
55.475	1
55.485	1
55.495	1
55.505	1
55.515	1
55.525	1
55.535	1
55.545	1
55.555	1
55.565	1
55.575	1
55.585	1
55.595	1
55.605	1
55.615	1
55.625	1
55.635	1
55.645	1
55.655	1
55.665	1
55.675	1
55.685	1
55.695	1
55.705	1
55.715	1
55.725	1
55.735	1
55.745	1
55.755	1
55.765	1
55.775	1
55.785	1
55.795	1
55.805	1
55.815	1
55.825	1
55.835	1
55.845	1
55.855	1
55.865	1
55.875	1
55.885	1
55.895	1
55.905	1
55.915	1
55.925	1
55.935	1
55.945	1
55.955	1
55.965	1
55.975	1
55.985	1
55.995	1
56.005	1
56.015	1
56.025	1
56.035	1
56.045	1
56.055	1
56.065	1
56.075	1
56.085	1
56.095	1
56.105	1
56.115	1
56.125	1
56.135	1
56.145	1
56.155	1
56.165	1
56.175	1
56.185	1
56.195	1
56.205	1
56.215	1
56.225	1
56.235	1
56.245	1
56.255	1
56.265	1
56.275	1
56.285	1
56.295	1
56.305	1
56.315	1
56.325	1
56.335	1
56.345	1
56.355	1
56.365	1
56.375	1
56.385	1
56.395	1
56.405	1
56.415	1
56.425	1
56.435	1
56.446	1
56.456	1
56.466	1
56.476	1
56.486	1
56.496	1
56.506	1
56.516	1
56.526	1
56.536	1
56.546	1
56.556	1
56.566	1
56.576	1
56.586	1
56.596	1
56.606	1
56.616	1
56.626	1
56.636	1
56.646	1
56.656	1
56.666	1
56.676	1
56.686	1
56.696	1
56.706	1
56.716	1
56.726	1
56.736	1
56.746	1
56.756	1
56.766	1
56.776	1
56.786	1
56.796	1
56.806	1
56.816	1
56.826	1
56.836	1
56.846	1
56.856	1
56.866	1
56.876	1
56.886	1
56.896	1
56.906	1
56.916	1
56.926	1
56.936	1
56.946	1
56.956	1
56.966	1
56.976	1
56.986	1
56.996	1
57.006	1
57.016	1
57.026	1
57.036	1
57.046	1
57.056	1
57.066	1
57.076	1
57.086	1
57.096	1
57.106	1
57.116	1
57.126	1
57.136	1
57.146	1
57.156	1
57.166	1
57.176	1
57.186	1
57.196	1
57.206	1
57.216	1
57.226	1
57.236	1
57.246	1
57.256	1
57.266	1
57.276	1
57.286	1
57.296	1
57.306	1
57.316	1
57.326	1
57.336	1
57.346	1
57.356	1
57.366	1
57.376	1
57.386	1
57.396	1
57.406	1
57.416	1
57.426	1
57.436	1
57.446	1
57.456	1
57.466	1
57.476	1
57.486	1
57.496	1
57.506	1
57.516	1
57.526	1
57.536	1
57.546	1
57.556	1
57.566	1
57.576	1
57.586	1
57.596	1
57.606	1
57.616	1
57.626	1
57.636	1
57.646	1
57.656	1
57.666	1
57.676	1
57.686	1
57.696	1
57.706	1
57.716	1
57.726	1
57.736	1
57.746	1
57.756	1
57.766	1
57.776	1
57.786	1
57.796	1
57.806	1
57.816	1
57.826	1
57.836	1
57.846	1
57.856	1
57.866	1
57.876	1
57.886	1
57.896	1
57.906	1
57.916	1
57.926	1
57.936	1
57.946	1
57.956	1
57.966	1
57.976	1
57.986	1
57.996	1
58.006	1
58.016	1
58.026	1
58.036	1
58.046	1
58.056	1
58.066	1
58.076	1
58.086	1
58.096	1
58.106	1
58.116	1
58.126	1
58.136	1
58.146	1
58.156	1
58.166	1
58.176	1
58.186	1
58.196	1
58.206	1
58.216	1
58.226	1
58.236	1
58.246	1
58.256	1
58.266	1
58.276	1
58.286	1
58.296	1
58.306	1
58.316	1
58.326	1
58.336	1
58.346	1
58.356	1
58.366	1
58.376	1
58.386	1
58.396	1
58.406	1
58.416	1
58.426	1
58.436	1
58.446	1
58.456	1
58.466	1
58.476	1
58.486	1
58.496	1
58.506	1
58.516	1
58.526	1
58.536	1
58.546	1
58.556	1
58.566	1
58.576	1
58.586	1
58.596	1
58.606	1
58.616	1
58.626	1
58.636	1
58.646	1
58.657	1
58.667	1
58.677	1
58.687	1
58.697	1
58.707	1
58.717	1
58.727	1
58.737	1
58.747	1
58.757	1
58.767	1
58.777	1
58.787	1
58.797	1
58.807	1
58.817	1
58.827	1
58.837	1
58.847	1
58.857	1
58.867	1
58.877	1
58.887	1
58.897	1
58.907	1
58.917	1
58.927	1
58.937	1
58.947	1
58.957	1
58.967	1
58.977	1
58.987	1
58.997	1
59.007	1
59.017	1
59.027	1
59.037	1
59.047	1
59.057	1
59.067	1
59.077	1
59.087	1
59.097	1
59.107	1
59.117	1
59.127	1
59.137	1
59.147	1
59.157	1
59.167	1
59.177	1
59.187	1
59.197	1
59.207	1
59.217	1
59.227	1
59.237	1
59.247	1
59.257	1
59.267	1
59.277	1
59.287	1
59.297	1
59.307	1
59.317	1
59.327	1
59.337	1
59.347	1
59.357	1
59.367	1
59.377	1
59.387	1
59.397	1
59.407	1
59.417	1
59.427	1
59.437	1
59.447	1
59.457	1
59.467	1
59.477	1
59.487	1
59.497	1
59.507	1
59.517	1
59.527	1
59.537	1
59.547	1
59.557	1
59.567	1
59.577	1
59.587	1
59.597	1
59.607	1
59.617	1
59.627	1
59.637	1
59.647	1
59.657	1
59.667	1
59.677	1
59.687	1
59.697	1
59.707	1
59.717	1
59.727	1
59.737	1
59.747	1
59.757	1
59.767	1
59.777	1
59.787	1
59.797	1
59.807	1
59.817	1
59.827	1
59.837	1
59.847	1
59.857	1
59.867	1
59.877	1
59.887	1
59.897	1
59.907	1
59.917	1
59.927	1
59.937	1
59.947	1
59.957	1
59.967	1
59.977	1
59.987	1
59.997	1
60.007	1
60.017	1
60.027	1
60.037	1
60.047	1
60.057	1
60.067	1
60.077	1
60.087	1
60.097	1
60.107	1
60.117	1
60.127	1
60.137	1
60.147	1
60.157	1
60.167	1
60.177	1
60.187	1
60.197	1
60.207	1
60.217	1
60.227	1
60.237	1
60.247	1
60.257	1
60.267	1
60.277	1
60.287	1
60.297	1
60.307	1
60.317	1
60.327	1
60.337	1
60.347	1
60.357	1
60.367	1
60.377	1
60.387	1
60.397	1
60.407	1
60.417	1
60.427	1
60.437	1
60.447	1
60.457	1
60.467	1
60.477	1
60.487	1
60.497	1
60.507	1
60.517	1
60.527	1
60.537	1
60.547	1
60.557	1
60.567	1
60.577	1
60.587	1
60.597	1
60.607	1
60.617	1
60.627	1
60.637	1
60.647	1
60.657	1
60.667	1
60.677	1
60.687	1
60.697	1
60.707	1
60.717	1
60.727	1
60.737	1
60.747	1
60.757	1
60.767	1
60.777	1
60.787	1
60.797	1
60.807	1
60.817	1
60.827	1
60.837	1
60.847	1
60.857	1
60.868	1
60.878	1
60.888	1
60.898	1
60.908	1
60.918	1
60.928	1
60.938	1
60.948	1
60.958	1
60.968	1
60.978	1
60.988	1
60.998	1
61.008	1
61.018	1
61.028	1
61.038	1
61.048	1
61.058	1
61.068	1
61.078	1
61.088	1
61.098	1
61.108	1
61.118	1
61.128	1
61.138	1
61.148	1
61.158	1
61.168	1
61.178	1
61.188	1
61.198	1
61.208	1
61.218	1
61.228	1
61.238	1
61.248	1
61.258	1
61.268	1
61.278	1
61.288	1
61.298	1
61.308	1
61.318	1
61.328	1
61.338	1
61.348	1
61.358	1
61.368	1
61.378	1
61.388	1
61.398	1
61.408	1
61.418	1
61.428	1
61.438	1
61.448	1
61.458	1
61.468	1
61.478	1
61.488	1
61.498	1
61.508	1
61.518	1
61.528	1
61.538	1
61.548	1
61.558	1
61.568	1
61.578	1
61.588	1
61.598	1
61.608	1
61.618	1
61.628	1
61.638	1
61.648	1
61.658	1
61.668	1
61.678	1
61.688	1
61.698	1
61.708	1
61.718	1
61.728	1
61.738	1
61.748	1
61.758	1
61.768	1
61.778	1
61.788	1
61.798	1
61.808	1
61.818	1
61.828	1
61.838	1
61.848	1
61.858	1
61.868	1
61.878	1
61.888	1
61.898	1
61.908	1
61.918	1
61.928	1
61.938	1
61.948	1
61.958	1
61.968	1
61.978	1
61.988	1
61.998	1
62.008	1
62.018	1
62.028	1
62.038	1
62.048	1
62.058	1
62.068	1
62.078	1
62.088	1
62.098	1
62.108	1
62.118	1
62.128	1
62.138	1
62.148	1
62.158	1
62.168	1
62.178	1
62.188	1
62.198	1
62.208	1
62.218	1
62.228	1
62.238	1
62.248	1
62.258	1
62.268	1
62.278	1
62.288	1
62.298	1
62.308	1
62.318	1
62.328	1
62.338	1
62.348	1
62.358	1
62.368	1
62.378	1
62.388	1
62.398	1
62.408	1
62.418	1
62.428	1
62.438	1
62.448	1
62.458	1
62.468	1
62.478	1
62.488	1
62.498	1
62.508	1
62.518	1
62.528	1
62.538	1
62.548	1
62.558	1
62.568	1
62.578	1
62.588	1
62.598	1
62.608	1
62.618	1
62.628	1
62.638	1
62.648	1
62.658	1
62.668	1
62.678	1
62.688	1
62.698	1
62.708	1
62.718	1
62.728	1
62.738	1
62.748	1
62.758	1
62.768	1
62.778	1
62.788	1
62.798	1
62.808	1
62.818	1
62.828	1
62.838	1
62.848	1
62.858	1
62.868	1
62.878	1
62.888	1
62.898	1
62.908	1
62.918	1
62.928	1
62.938	1
62.948	1
62.958	1
62.968	1
62.978	1
62.988	1
62.998	1
63.008	1
63.018	1
63.028	1
63.038	1
63.048	1
63.058	1
63.068	1
63.079	1
63.089	1
63.099	1
63.109	1
63.119	1
63.129	1
63.139	1
63.149	1
63.159	1
63.169	1
63.179	1
63.189	1
63.199	1
63.209	1
63.219	1
63.229	1
63.239	1
63.249	1
63.259	1
63.269	1
63.279	1
63.289	1
63.299	1
63.309	1
63.319	1
63.329	1
63.339	1
63.349	1
63.359	1
63.369	1
63.379	1
63.389	1
63.399	1
63.409	1
63.419	1
63.429	1
63.439	1
63.449	1
63.459	1
63.469	1
63.479	1
63.489	1
63.499	1
63.509	1
63.519	1
63.529	1
63.539	1
63.549	1
63.559	1
63.569	1
63.579	1
63.589	1
63.599	1
63.609	1
63.619	1
63.629	1
63.639	1
63.649	1
63.659	1
63.669	1
63.679	1
63.689	1
63.699	1
63.709	1
63.719	1
63.729	1
63.739	1
63.749	1
63.759	1
63.769	1
63.779	1
63.789	1
63.799	1
63.809	1
63.819	1
63.829	1
63.839	1
63.849	1
63.859	1
63.869	1
63.879	1
63.889	1
63.899	1
63.909	1
63.919	1
63.929	1
63.939	1
63.949	1
63.959	1
63.969	1
63.979	1
63.989	1
63.999	1
64.009	1
64.019	1
64.029	1
64.039	1
64.049	1
64.059	1
64.069	1
64.079	1
64.089	1
64.099	1
64.109	1
64.119	1
64.129	1
64.139	1
64.149	1
64.159	1
64.169	1
64.179	1
64.189	1
64.199	1
64.209	1
64.219	1
64.229	1
64.239	1
64.249	1
64.259	1
64.269	1
64.279	1
64.289	1
64.299	1
64.309	1
64.319	1
64.329	1
64.339	1
64.349	1
64.359	1
64.369	1
64.379	1
64.389	1
64.399	1
64.409	1
64.419	1
64.429	1
64.439	1
64.449	1
64.459	1
64.469	1
64.479	1
64.489	1
64.499	1
64.509	1
64.519	1
64.529	1
64.539	1
64.549	1
64.559	1
64.569	1
64.579	1
64.589	1
64.599	1
64.609	1
64.619	1
64.629	1
64.639	1
64.649	1
64.659	1
64.669	1
64.679	1
64.689	1
64.699	1
64.709	1
64.719	1
64.729	1
64.739	1
64.749	1
64.759	1
64.769	1
64.779	1
64.789	1
64.799	1
64.809	1
64.819	1
64.829	1
64.839	1
64.849	1
64.859	1
64.869	1
64.879	1
64.889	1
64.899	1
64.909	1
64.919	1
64.929	1
64.939	1
64.949	1
64.959	1
64.969	1
64.979	1
64.989	1
64.999	1
65.009	1
65.019	1
65.029	1
65.039	1
65.049	1
65.059	1
65.069	1
65.079	1
65.089	1
65.099	1
65.109	1
65.119	1
65.129	1
65.139	1
65.149	1
65.159	1
65.169	1
65.179	1
65.189	1
65.199	1
65.209	1
65.219	1
65.229	1
65.239	1
65.249	1
65.259	1
65.269	1
65.279	1
65.29	1
65.3	1
65.31	1
65.32	1
65.33	1
65.34	1
65.35	1
65.36	1
65.37	1
65.38	1
65.39	1
65.4	1
65.41	1
65.42	1
65.43	1
65.44	1
65.45	0
65.46	0
65.47	0
65.48	0
65.49	0
65.5	0
65.51	0
65.52	0
65.53	0
65.54	0
65.55	0
65.56	0
65.57	0
65.58	0
65.59	0
65.6	0
65.61	0
65.62	0
65.63	0
65.64	0
65.65	0
65.66	0
65.67	0
65.68	0
65.69	0
65.7	0
65.71	0
65.72	0
65.73	0
65.74	0
65.75	0
65.76	0
65.77	0
65.78	0
65.79	0
65.8	0
65.81	0
65.82	0
65.83	0
65.84	0
65.85	0
65.86	0
65.87	0
65.88	0
65.89	0
65.9	0
65.91	0
65.92	0
65.93	0
65.94	0
65.95	0
65.96	0
65.97	0
65.98	0
65.99	0
66	0
66.01	0
66.02	0
66.03	0
66.04	0
66.05	0
66.06	0
66.07	0
66.08	0
66.09	0
66.1	0
66.11	0
66.12	0
66.13	0
66.14	0
66.15	0
66.16	0
66.17	0
66.18	0
66.19	0
66.2	0
66.21	0
66.22	0
66.23	0
66.24	0
66.25	0
66.26	0
66.27	0
66.28	0
66.29	0
66.3	0
66.31	0
66.32	0
66.33	0
66.34	0
66.35	0
66.36	0
66.37	0
66.38	0
66.39	0
66.4	0
66.41	0
66.42	0
66.43	0
66.44	0
66.45	0
66.46	0
66.47	0
66.48	0
66.49	0
66.5	0
66.51	0
66.52	0
66.53	0
66.54	0
66.55	0
66.56	0
66.57	0
66.58	0
66.59	0
66.6	0
66.61	0
66.62	0
66.63	0
66.64	0
66.65	0
66.66	0
66.67	0
66.68	0
66.69	0
66.7	0
66.71	0
66.72	0
66.73	0
66.74	0
66.75	0
66.76	0
66.77	0
66.78	0
66.79	0
66.8	0
66.81	0
66.82	0
66.83	0
66.84	0
66.85	0
66.86	0
66.87	0
66.88	0
66.89	0
66.9	0
66.91	0
66.92	0
66.93	0
66.94	0
66.95	0
66.96	0
66.97	0
66.98	0
66.99	0
67	0
67.01	0
67.02	0
67.03	0
67.04	0
67.05	0
67.06	0
67.07	0
67.08	0
67.09	0
67.1	0
67.11	0
67.12	0
67.13	0
67.14	0
67.15	0
67.16	0
67.17	0
67.18	0
67.19	0
67.2	0
67.21	0
67.22	0
67.23	0
67.24	0
67.25	0
67.26	0
67.27	0
67.28	0
67.29	0
67.3	0
67.31	0
67.32	0
67.33	0
67.34	0
67.35	0
67.36	0
67.37	0
67.38	0
67.39	0
67.4	0
67.41	0
67.42	0
67.43	0
67.44	0
67.45	0
67.46	0
67.47	0
67.48	0
67.49	0
67.5	0
67.511	0
67.521	0
67.531	0
67.541	0
67.551	0
67.561	0
67.571	0
67.581	0
67.591	0
67.601	0
67.611	0
67.621	0
67.631	0
67.641	0
67.651	0
67.661	0
67.671	0
67.681	0
67.691	0
67.701	0
67.711	0
67.721	0
67.731	0
67.741	0
67.751	0
67.761	0
67.771	0
67.781	0
67.791	0
67.801	0
67.811	0
67.821	0
67.831	0
67.841	0
67.851	0
67.861	0
67.871	0
67.881	0
67.891	0
67.901	0
67.911	0
67.921	0
67.931	0
67.941	0
67.951	0
67.961	0
67.971	0
67.981	0
67.991	0
68.001	0
68.011	0
68.021	0
68.031	0
68.041	0
68.051	0
68.061	0
68.071	0
68.081	0
68.091	0
68.101	0
68.111	0
68.121	0
68.131	0
68.141	0
68.151	0
68.161	0
68.171	0
68.181	0
68.191	0
68.201	0
68.211	0
68.221	0
68.231	0
68.241	0
68.251	0
68.261	0
68.271	0
68.281	0
68.291	0
68.301	0
68.311	0
68.321	0
68.331	0
68.341	0
68.351	0
68.361	0
68.371	0
68.381	0
68.391	0
68.401	0
68.411	0
68.421	0
68.431	0
68.441	0
68.451	0
68.461	0
68.471	0
68.481	0
68.491	0
68.501	0
68.511	0
68.521	0
68.531	0
68.541	0
68.551	0
68.561	0
68.571	0
68.581	0
68.591	0
68.601	0
68.611	0
68.621	0
68.631	0
68.641	0
68.651	0
68.661	0
68.671	0
68.681	0
68.691	0
68.701	0
68.711	0
68.721	0
68.731	0
68.741	0
68.751	0
68.761	0
68.771	0
68.781	0
68.791	0
68.801	0
68.811	0
68.821	0
68.831	0
68.841	0
68.851	0
68.861	0
68.871	0
68.881	0
68.891	0
68.901	0
68.911	0
68.921	0
68.931	0
68.941	0
68.951	0
68.961	0
68.971	0
68.981	0
68.991	0
69.001	0
69.011	0
69.021	0
69.031	0
69.041	0
69.051	0
69.061	0
69.071	0
69.081	0
69.091	0
69.101	0
69.111	0
69.121	0
69.131	0
69.141	0
69.151	0
69.161	0
69.171	0
69.181	0
69.191	0
69.201	0
69.211	0
69.221	0
69.231	0
69.241	0
69.251	0
69.261	0
69.271	0
69.281	0
69.291	0
69.301	0
69.311	0
69.321	0
69.331	0
69.341	0
69.351	0
69.361	0
69.371	0
69.381	0
69.391	0
69.401	0
69.411	0
69.421	0
69.431	0
69.441	0
69.451	0
69.461	0
69.471	0
69.481	0
69.491	0
69.501	0
69.511	0
69.521	0
69.531	0
69.541	0
69.551	0
69.561	0
69.571	0
69.581	0
69.591	0
69.601	0
69.611	0
69.621	0
69.631	0
69.641	0
69.651	0
69.661	0
69.671	0
69.681	0
69.691	0
69.701	0
69.711	0
69.722	0
69.732	0
69.742	0
69.752	0
69.762	0
69.772	0
69.782	0
69.792	0
69.802	0
69.812	0
69.822	0
69.832	0
69.842	0
69.852	0
69.862	0
69.872	0
69.882	0
69.892	0
69.902	0
69.912	0
69.922	0
69.932	0
69.942	0
69.952	0
69.962	0
69.972	0
69.982	0
69.992	0
70.002	0
70.012	0
70.022	0
70.032	0
70.042	0
70.052	0
70.062	0
70.072	0
70.082	0
70.092	0
70.102	0
70.112	0
70.122	0
70.132	0
70.142	0
70.152	0
70.162	0
70.172	0
70.182	0
70.192	0
70.202	0
70.212	0
70.222	0
70.232	0
70.242	0
70.252	0
70.262	0
70.272	0
70.282	0
70.292	0
70.302	0
70.312	0
70.322	0
70.332	0
70.342	0
70.352	0
70.362	0
70.372	0
70.382	0
70.392	0
70.402	0
70.412	0
70.422	0
70.432	0
70.442	0
70.452	0
70.462	0
70.472	0
70.482	0
70.492	0
70.502	0
70.512	0
70.522	0
70.532	0
70.542	0
70.552	0
70.562	0
70.572	0
70.582	0
70.592	0
70.602	0
70.612	0
70.622	0
70.632	0
70.642	0
70.652	0
70.662	0
70.672	0
70.682	0
70.692	0
70.702	0
70.712	0
70.722	0
70.732	0
70.742	0
70.752	0
70.762	0
70.772	0
70.782	0
70.792	0
70.802	0
70.812	0
70.822	0
70.832	0
70.842	0
70.852	0
70.862	0
70.872	0
70.882	0
70.892	0
70.902	0
70.912	0
70.922	0
70.932	0
70.942	0
70.952	0
70.962	0
70.972	0
70.982	0
70.992	0
71.002	0
71.012	0
71.022	0
71.032	0
71.042	0
71.052	0
71.062	0
71.072	0
71.082	0
71.092	0
71.102	0
71.112	0
71.122	0
71.132	0
71.142	0
71.152	0
71.162	0
71.172	0
71.182	0
71.192	0
71.202	0
71.212	0
71.222	0
71.232	0
71.242	0
71.252	0
71.262	0
71.272	0
71.282	0
71.292	0
71.302	0
71.312	0
71.322	0
71.332	0
71.342	0
71.352	0
71.362	0
71.372	0
71.382	0
71.392	0
71.402	0
71.412	0
71.422	0
71.432	0
71.442	0
71.452	0
71.462	0
71.472	0
71.482	0
71.492	0
71.502	0
71.512	0
71.522	0
71.532	0
71.542	0
71.552	0
71.562	0
71.572	0
71.582	0
71.592	0
71.602	0
71.612	0
71.622	0
71.632	0
71.642	0
71.652	0
71.662	0
71.672	0
71.682	0
71.692	0
71.702	0
71.712	0
71.722	0
71.732	0
71.742	0
71.752	0
71.762	0
71.772	0
71.782	0
71.792	0
71.802	0
71.812	0
71.822	0
71.832	0
71.842	0
71.852	0
71.862	0
71.872	0
71.882	0
71.892	0
71.902	0
71.912	0
71.922	0
71.933	0
71.943	0
71.953	0
71.963	0
71.973	0
71.983	0
71.993	0
72.003	0
72.013	0
72.023	0
72.033	0
72.043	0
72.053	0
72.063	0
72.073	0
72.083	0
72.093	0
72.103	0
72.113	0
72.123	0
72.133	0
72.143	0
72.153	0
72.163	0
72.173	0
72.183	0
72.193	0
72.203	0
72.213	0
72.223	0
72.233	0
72.243	0
72.253	0
72.263	0
72.273	0
72.283	0
72.293	0
72.303	0
72.313	0
72.323	0
72.333	0
72.343	0
72.353	0
72.363	0
72.373	0
72.383	0
72.393	0
72.403	0
72.413	0
72.423	0
72.433	0
72.443	0
72.453	0
72.463	0
72.473	0
72.483	0
72.493	0
72.503	0
72.513	0
72.523	0
72.533	0
72.543	0
72.553	0
72.563	0
72.573	0
72.583	0
72.593	0
72.603	0
72.613	0
72.623	0
72.633	0
72.643	0
72.653	0
72.663	0
72.673	0
72.683	0
72.693	0
72.703	0
72.713	0
72.723	0
72.733	0
72.743	0
72.753	0
72.763	0
72.773	0
72.783	0
72.793	0
72.803	0
72.813	0
72.823	0
72.833	0
72.843	0
72.853	0
72.863	0
72.873	0
72.883	0
72.893	0
72.903	0
72.913	0
72.923	0
72.933	0
72.943	0
72.953	0
72.963	0
72.973	0
72.983	0
72.993	0
73.003	0
73.013	0
73.023	0
73.033	0
73.043	0
73.053	0
73.063	0
73.073	0
73.083	0
73.093	0
73.103	0
73.113	0
73.123	0
73.133	0
73.143	0
73.153	0
73.163	0
73.173	0
73.183	0
73.193	0
73.203	0
73.213	0
73.223	0
73.233	0
73.243	0
73.253	0
73.263	0
73.273	0
73.283	0
73.293	0
73.303	0
73.313	0
73.323	0
73.333	0
73.343	0
73.353	0
73.363	0
73.373	0
73.383	0
73.393	0
73.403	0
73.413	0
73.423	0
73.433	0
73.443	0
73.453	0
73.463	0
73.473	0
73.483	0
73.493	0
73.503	0
73.513	0
73.523	0
73.533	0
73.543	0
73.553	0
73.563	0
73.573	0
73.583	0
73.593	0
73.603	0
73.613	0
73.623	0
73.633	0
73.643	0
73.653	0
73.663	0
73.673	0
73.683	0
73.693	0
73.703	0
73.713	0
73.723	0
73.733	0
73.743	0
73.753	0
73.763	0
73.773	0
73.783	0
73.793	0
73.803	0
73.813	0
73.823	0
73.833	0
73.843	0
73.853	0
73.863	0
73.873	0
73.883	0
73.893	0
73.903	0
73.913	0
73.923	0
73.933	0
73.943	0
73.953	0
73.963	0
73.973	0
73.983	0
73.993	0
74.003	0
74.013	0
74.023	0
74.033	0
74.043	0
74.053	0
74.063	0
74.073	0
74.083	0
74.093	0
74.103	0
74.113	0
74.123	0
74.133	0
74.144	0
74.154	0
74.164	0
74.174	0
74.184	0
74.194	0
74.204	0
74.214	0
74.224	0
74.234	0
74.244	0
74.254	0
74.264	0
74.274	0
74.284	0
74.294	0
74.304	0
74.314	0
74.324	0
74.334	0
74.344	0
74.354	0
74.364	0
74.374	0
74.384	0
74.394	0
74.404	0
74.414	0
74.424	0
74.434	0
74.444	0
74.454	0
74.464	0
74.474	0
74.484	0
74.494	0
74.504	0
74.514	0
74.524	0
74.534	0
74.544	0
74.554	0
74.564	0
74.574	0
74.584	0
74.594	0
74.604	0
74.614	0
74.624	0
74.634	0
74.644	0
74.654	0
74.664	0
74.674	0
74.684	0
74.694	0
74.704	0
74.714	0
74.724	0
74.734	0
74.744	0
74.754	0
74.764	0
74.774	0
74.784	0
74.794	0
74.804	0
74.814	0
74.824	0
74.834	0
74.844	0
74.854	0
74.864	0
74.874	0
74.884	0
74.894	0
74.904	0
74.914	0
74.924	0
74.934	0
74.944	0
74.954	0
74.964	0
74.974	0
74.984	0
74.994	0
75.004	0
75.014	0
75.024	0
75.034	0
75.044	0
75.054	0
75.064	0
75.074	0
75.084	0
75.094	0
75.104	0
75.114	0
75.124	0
75.134	0
75.144	0
75.154	0
75.164	0
75.174	0
75.184	0
75.194	0
75.204	0
75.214	0
75.224	0
75.234	0
75.244	0
75.254	0
75.264	0
75.274	0
75.284	0
75.294	0
75.304	0
75.314	0
75.324	0
75.334	0
75.344	0
75.354	0
75.364	0
75.374	0
75.384	0
75.394	0
75.404	0
75.414	0
75.424	0
75.434	0
75.444	0
75.454	0
75.464	0
75.474	0
75.484	0
75.494	0
75.504	0
75.514	0
75.524	0
75.534	0
75.544	0
75.554	0
75.564	0
75.574	0
75.584	0
75.594	0
75.604	0
75.614	0
75.624	0
75.634	0
75.644	0
75.654	0
75.664	0
75.674	0
75.684	0
75.694	0
75.704	0
75.714	0
75.724	0
75.734	0
75.744	0
75.754	0
75.764	0
75.774	0
75.784	0
75.794	0
75.804	0
75.814	0
75.824	0
75.834	0
75.844	0
75.854	0
75.864	0
75.874	0
75.884	0
75.894	0
75.904	0
75.914	0
75.924	0
75.934	0
75.944	0
75.954	0
75.964	0
75.974	0
75.984	0
75.994	0
76.004	0
76.014	0
76.024	0
76.034	0
76.044	0
76.054	0
76.064	0
76.074	0
76.084	0
76.094	0
76.104	0
76.114	0
76.124	0
76.134	0
76.144	0
76.154	0
76.164	0
76.174	0
76.184	0
76.194	0
76.204	0
76.214	0
76.224	0
76.234	0
76.244	0
76.254	0
76.264	0
76.274	0
76.284	0
76.294	0
76.304	0
76.314	0
76.324	0
76.334	0
76.344	0
76.354	0
76.365	0
76.375	0
76.385	0
76.395	0
76.405	0
76.415	0
76.425	0
76.435	0
76.445	0
76.455	0
76.465	0
76.475	0
76.485	0
76.495	0
76.505	0
76.515	0
76.525	0
76.535	0
76.545	0
76.555	0
76.565	0
76.575	0
76.585	0
76.595	0
76.605	0
76.615	0
76.625	0
76.635	0
76.645	0
76.655	0
76.665	0
76.675	0
76.685	0
76.695	0
76.705	0
76.715	0
76.725	0
76.735	0
76.745	0
76.755	0
76.765	0
76.775	0
76.785	0
76.795	0
76.805	0
76.815	0
76.825	0
76.835	0
76.845	0
76.855	0
76.865	0
76.875	0
76.885	0
76.895	0
76.905	0
76.915	0
76.925	0
76.935	0
76.945	0
76.955	0
76.965	0
76.975	0
76.985	0
76.995	0
77.005	0
77.015	0
77.025	0
77.035	0
77.045	0
77.055	0
77.065	0
77.075	0
77.085	0
77.095	0
77.105	0
77.115	0
77.125	0
77.135	0
77.145	0
77.155	0
77.165	0
77.175	0
77.185	0
77.195	0
77.205	0
77.215	0
77.225	0
77.235	0
77.245	0
77.255	0
77.265	0
77.275	0
77.285	0
77.295	0
77.305	0
77.315	0
77.325	0
77.335	0
77.345	0
77.355	0
77.365	0
77.375	0
77.385	0
77.395	0
77.405	0
77.415	0
77.425	0
77.435	0
77.445	0
77.455	0
77.465	0
77.475	0
77.485	0
77.495	0
77.505	0
77.515	0
77.525	0
77.535	0
77.545	0
77.555	0
77.565	0
77.575	0
77.585	0
77.595	0
77.605	0
77.615	0
77.625	0
77.635	0
77.645	0
77.655	0
77.665	0
77.675	0
77.685	0
77.695	0
77.705	0
77.715	0
77.725	0
77.735	0
77.745	0
77.755	0
77.765	1
77.775	1
77.785	1
77.795	1
77.805	1
77.815	1
77.825	1
77.835	1
77.845	1
77.855	1
77.865	1
77.875	1
77.885	1
77.895	1
77.905	1
77.915	1
77.925	1
77.935	1
77.945	1
77.955	1
77.965	1
77.975	1
77.985	1
77.995	1
78.005	1
78.015	1
78.025	1
78.035	1
78.045	1
78.055	1
78.065	1
78.075	1
78.085	1
78.095	1
78.105	1
78.115	1
78.125	1
78.135	1
78.145	1
78.155	1
78.165	1
78.175	1
78.185	1
78.195	1
78.205	1
78.215	1
78.225	1
78.235	1
78.245	1
78.255	1
78.265	1
78.275	1
78.285	1
78.295	1
78.305	1
78.315	1
78.325	1
78.335	1
78.345	1
78.355	1
78.365	1
78.375	1
78.385	1
78.395	1
78.405	1
78.415	1
78.425	1
78.435	1
78.445	1
78.455	1
78.465	1
78.475	1
78.485	1
78.495	1
78.505	1
78.515	1
78.525	1
78.535	1
78.545	1
78.555	1
78.565	1
78.576	1
78.586	1
78.596	1
78.606	1
78.616	1
78.626	1
78.636	1
78.646	1
78.656	1
78.666	1
78.676	1
78.686	1
78.696	1
78.706	1
78.716	1
78.726	1
78.736	1
78.746	1
78.756	1
78.766	1
78.776	1
78.786	1
78.796	1
78.806	1
78.816	1
78.826	1
78.836	1
78.846	1
78.856	1
78.866	1
78.876	1
78.886	1
78.896	1
78.906	1
78.916	1
78.926	1
78.936	1
78.946	1
78.956	1
78.966	1
78.976	1
78.986	1
78.996	1
79.006	1
79.016	1
79.026	1
79.036	1
79.046	1
79.056	1
79.066	1
79.076	1
79.086	1
79.096	1
79.106	1
79.116	1
79.126	1
79.136	1
79.146	1
79.156	1
79.166	1
79.176	1
79.186	1
79.196	1
79.206	1
79.216	1
79.226	1
79.236	1
79.246	1
79.256	1
79.266	1
79.276	1
79.286	1
79.296	1
79.306	1
79.316	1
79.326	1
79.336	1
79.346	1
79.356	1
79.366	1
79.376	1
79.386	1
79.396	1
79.406	1
79.416	1
79.426	1
79.436	1
79.446	1
79.456	1
79.466	1
79.476	1
79.486	1
79.496	1
79.506	1
79.516	1
79.526	1
79.536	1
79.546	1
79.556	1
79.566	1
79.576	1
79.586	1
79.596	1
79.606	1
79.616	1
79.626	1
79.636	1
79.646	1
79.656	1
79.666	1
79.676	1
79.686	1
79.696	1
79.706	1
79.716	1
79.726	1
79.736	1
79.746	1
79.756	1
79.766	1
79.776	1
79.786	1
79.796	1
79.806	1
79.816	1
79.826	1
79.836	1
79.846	1
79.856	1
79.866	1
79.876	1
79.886	1
79.896	1
79.906	1
79.916	1
79.926	1
79.936	1
79.946	1
79.956	1
79.966	1
79.976	1
79.986	1
79.996	1
80.006	1
80.016	1
80.026	1
80.036	1
80.046	1
80.056	1
80.066	1
80.076	1
80.086	1
80.096	1
80.106	1
80.116	1
80.126	1
80.136	1
80.146	1
80.156	1
80.166	1
80.176	1
80.186	1
80.196	1
80.206	1
80.216	1
80.226	1
80.236	1
80.246	1
80.256	1
80.266	1
80.276	1
80.286	1
80.296	1
80.306	1
80.316	1
80.326	1
80.336	1
80.346	1
80.356	1
80.366	1
80.376	1
80.386	1
80.396	1
80.406	1
80.416	1
80.426	1
80.436	1
80.446	1
80.456	1
80.466	1
80.476	1
80.486	1
80.496	1
80.506	1
80.516	1
80.526	1
80.536	1
80.546	1
80.556	1
80.566	1
80.576	1
80.586	1
80.596	1
80.606	1
80.616	1
80.626	1
80.636	1
80.646	1
80.656	1
80.666	1
80.676	1
80.686	1
80.696	1
80.706	1
80.716	1
80.726	1
80.736	1
80.746	1
80.756	1
80.766	1
80.776	1
80.787	1
80.797	1
80.807	1
80.817	1
80.827	1
80.837	1
80.847	1
80.857	1
80.867	1
80.877	1
80.887	1
80.897	1
80.907	1
80.917	1
80.927	1
80.937	1
80.947	1
80.957	1
80.967	1
80.977	1
80.987	1
80.997	1
81.007	1
81.017	1
81.027	1
81.037	1
81.047	1
81.057	1
81.067	1
81.077	1
81.087	1
81.097	1
81.107	1
81.117	1
81.127	1
81.137	1
81.147	1
81.157	1
81.167	1
81.177	1
81.187	1
81.197	1
81.207	1
81.217	1
81.227	1
81.237	1
81.247	1
81.257	1
81.267	1
81.277	1
81.287	1
81.297	1
81.307	1
81.317	1
81.327	1
81.337	1
81.347	1
81.357	1
81.367	1
81.377	1
81.387	1
81.397	1
81.407	1
81.417	1
81.427	1
81.437	1
81.447	1
81.457	1
81.467	1
81.477	1
81.487	1
81.497	1
81.507	1
81.517	1
81.527	1
81.537	1
81.547	1
81.557	1
81.567	1
81.577	1
81.587	1
81.597	1
81.607	1
81.617	1
81.627	1
81.637	1
81.647	1
81.657	1
81.667	1
81.677	1
81.687	1
81.697	1
81.707	1
81.717	1
81.727	1
81.737	1
81.747	1
81.757	1
81.767	1
81.777	1
81.787	1
81.797	1
81.807	1
81.817	1
81.827	1
81.837	1
81.847	1
81.857	1
81.867	1
81.877	1
81.887	1
81.897	1
81.907	1
81.917	1
81.927	1
81.937	1
81.947	1
81.957	1
81.967	1
81.977	1
81.987	1
81.997	1
82.007	1
82.017	1
82.027	1
82.037	1
82.047	1
82.057	1
82.067	1
82.077	1
82.087	1
82.097	1
82.107	1
82.117	1
82.127	1
82.137	1
82.147	1
82.157	1
82.167	1
82.177	1
82.187	1
82.197	1
82.207	1
82.217	1
82.227	1
82.237	1
82.247	1
82.257	1
82.267	1
82.277	1
82.287	1
82.297	1
82.307	1
82.317	1
82.327	1
82.337	1
82.347	1
82.357	1
82.367	1
82.377	1
82.387	1
82.397	1
82.407	1
82.417	1
82.427	1
82.437	1
82.447	1
82.457	1
82.467	1
82.477	1
82.487	1
82.497	1
82.507	1
82.517	1
82.527	1
82.537	1
82.547	1
82.557	1
82.567	1
82.577	1
82.587	1
82.597	1
82.607	1
82.617	1
82.627	1
82.637	1
82.647	1
82.657	1
82.667	1
82.677	1
82.687	1
82.697	1
82.707	1
82.717	1
82.727	1
82.737	1
82.747	1
82.757	1
82.767	1
82.777	1
82.787	1
82.797	1
82.807	1
82.817	1
82.827	1
82.837	1
82.847	1
82.857	1
82.867	1
82.877	1
82.887	1
82.897	1
82.907	1
82.917	1
82.927	1
82.937	1
82.947	1
82.957	1
82.967	1
82.977	1
82.987	1
82.998	1
83.008	1
83.018	1
83.028	1
83.038	1
83.048	1
83.058	1
83.068	1
83.078	1
83.088	1
83.098	1
83.108	1
83.118	1
83.128	1
83.138	1
83.148	1
83.158	1
83.168	1
83.178	1
83.188	1
83.198	1
83.208	1
83.218	1
83.228	1
83.238	1
83.248	1
83.258	1
83.268	1
83.278	1
83.288	1
83.298	1
83.308	1
83.318	1
83.328	1
83.338	1
83.348	1
83.358	1
83.368	1
83.378	1
83.388	1
83.398	1
83.408	1
83.418	1
83.428	1
83.438	1
83.448	1
83.458	1
83.468	1
83.478	1
83.488	1
83.498	1
83.508	1
83.518	1
83.528	1
83.538	1
83.548	1
83.558	1
83.568	1
83.578	1
83.588	1
83.598	1
83.608	1
83.618	1
83.628	1
83.638	1
83.648	1
83.658	1
83.668	1
83.678	1
83.688	1
83.698	1
83.708	1
83.718	1
83.728	1
83.738	1
83.748	1
83.758	1
83.768	1
83.778	1
83.788	1
83.798	1
83.808	1
83.818	1
83.828	1
83.838	1
83.848	1
83.858	1
83.868	1
83.878	1
83.888	1
83.898	1
83.908	1
83.918	1
83.928	1
83.938	1
83.948	1
83.958	1
83.968	1
83.978	1
83.988	1
83.998	1
84.008	1
84.018	1
84.028	1
84.038	1
84.048	1
84.058	1
84.068	1
84.078	1
84.088	1
84.098	1
84.108	1
84.118	1
84.128	1
84.138	1
84.148	1
84.158	1
84.168	1
84.178	1
84.188	1
84.198	1
84.208	1
84.218	1
84.228	1
84.238	1
84.248	1
84.258	1
84.268	1
84.278	1
84.288	1
84.298	1
84.308	1
84.318	1
84.328	1
84.338	1
84.348	1
84.358	1
84.368	1
84.378	1
84.388	1
84.398	1
84.408	1
84.418	1
84.428	1
84.438	1
84.448	1
84.458	1
84.468	1
84.478	1
84.488	1
84.498	1
84.508	1
84.518	1
84.528	1
84.538	1
84.548	1
84.558	1
84.568	1
84.578	1
84.588	1
84.598	1
84.608	1
84.618	1
84.628	1
84.638	1
84.648	1
84.658	1
84.668	1
84.678	1
84.688	1
84.698	1
84.708	1
84.718	1
84.728	1
84.738	1
84.748	1
84.758	1
84.768	1
84.778	1
84.788	1
84.798	1
84.808	1
84.818	1
84.828	1
84.838	1
84.848	1
84.858	1
84.868	1
84.878	1
84.888	1
84.898	1
84.908	1
84.918	1
84.928	1
84.938	1
84.948	1
84.958	1
84.968	1
84.978	1
84.988	1
84.998	1
85.008	1
85.018	1
85.028	1
85.038	1
85.048	1
85.058	1
85.068	1
85.078	1
85.088	1
85.098	1
85.108	1
85.118	1
85.128	1
85.138	1
85.148	1
85.158	1
85.168	1
85.178	1
85.188	1
85.198	1
85.209	1
85.219	1
85.229	1
85.239	1
85.249	1
85.259	1
85.269	1
85.279	1
85.289	1
85.299	1
85.309	1
85.319	1
85.329	1
85.339	1
85.349	1
85.359	1
85.369	1
85.379	1
85.389	1
85.399	1
85.409	1
85.419	1
85.429	1
85.439	1
85.449	1
85.459	1
85.469	1
85.479	1
85.489	1
85.499	1
85.509	1
85.519	1
85.529	1
85.539	1
85.549	1
85.559	1
85.569	1
85.579	1
85.589	1
85.599	1
85.609	1
85.619	1
85.629	1
85.639	1
85.649	1
85.659	1
85.669	1
85.679	1
85.689	1
85.699	1
85.709	1
85.719	1
85.729	1
85.739	1
85.749	1
85.759	1
85.769	1
85.779	1
85.789	1
85.799	1
85.809	1
85.819	1
85.829	1
85.839	1
85.849	1
85.859	1
85.869	1
85.879	1
85.889	1
85.899	1
85.909	1
85.919	1
85.929	1
85.939	1
85.949	1
85.959	1
85.969	1
85.979	1
85.989	1
85.999	1
86.009	1
86.019	1
86.029	1
86.039	1
86.049	1
86.059	1
86.069	1
86.079	1
86.089	1
86.099	1
86.109	1
86.119	1
86.129	1
86.139	1
86.149	1
86.159	1
86.169	1
86.179	1
86.189	1
86.199	1
86.209	1
86.219	1
86.229	1
86.239	1
86.249	1
86.259	1
86.269	1
86.279	1
86.289	1
86.299	1
86.309	1
86.319	1
86.329	1
86.339	1
86.349	1
86.359	1
86.369	1
86.379	1
86.389	1
86.399	1
86.409	1
86.419	1
86.429	1
86.439	1
86.449	1
86.459	1
86.469	1
86.479	1
86.489	1
86.499	1
86.509	1
86.519	1
86.529	1
86.539	1
86.549	1
86.559	1
86.569	1
86.579	1
86.589	1
86.599	1
86.609	1
86.619	1
86.629	1
86.639	1
86.649	1
86.659	1
86.669	1
86.679	1
86.689	1
86.699	1
86.709	1
86.719	1
86.729	1
86.739	1
86.749	1
86.759	1
86.769	1
86.779	1
86.789	1
86.799	1
86.809	1
86.819	1
86.829	1
86.839	1
86.849	1
86.859	1
86.869	1
86.879	1
86.889	1
86.899	1
86.909	1
86.919	1
86.929	1
86.939	1
86.949	1
86.959	1
86.969	1
86.979	1
86.989	1
86.999	1
87.009	1
87.019	1
87.029	1
87.039	1
87.049	1
87.059	1
87.069	1
87.079	1
87.089	1
87.099	1
87.109	1
87.119	1
87.129	1
87.139	1
87.149	1
87.159	1
87.169	1
87.179	1
87.189	1
87.199	1
87.209	1
87.219	1
87.229	1
87.239	1
87.249	1
87.259	1
87.269	1
87.279	1
87.289	1
87.299	1
87.309	1
87.319	1
87.329	1
87.339	1
87.349	1
87.359	1
87.369	1
87.379	1
87.389	1
87.399	1
87.409	1
87.419	1
87.43	1
87.44	1
87.45	1
87.46	1
87.47	1
87.48	1
87.49	1
87.5	1
87.51	1
87.52	1
87.53	1
87.54	1
87.55	1
87.56	1
87.57	1
87.58	1
87.59	1
87.6	1
87.61	1
87.62	1
87.63	1
87.64	1
87.65	1
87.66	1
87.67	1
87.68	1
87.69	1
87.7	1
87.71	1
87.72	1
87.73	1
87.74	1
87.75	1
87.76	1
87.77	1
87.78	1
87.79	1
87.8	1
87.81	1
87.82	1
87.83	1
87.84	1
87.85	1
87.86	1
87.87	1
87.88	1
87.89	1
87.9	1
87.91	1
87.92	1
87.93	1
87.94	1
87.95	1
87.96	1
87.97	1
87.98	1
87.99	1
88	1
88.01	1
88.02	1
88.03	1
88.04	1
88.05	1
88.06	1
88.07	1
88.08	1
88.09	1
88.1	1
88.11	1
88.12	1
88.13	1
88.14	1
88.15	1
88.16	1
88.17	1
88.18	1
88.19	1
88.2	1
88.21	1
88.22	1
88.23	1
88.24	1
88.25	1
88.26	1
88.27	1
88.28	1
88.29	1
88.3	1
88.31	1
88.32	1
88.33	1
88.34	1
88.35	1
88.36	1
88.37	1
88.38	1
88.39	1
88.4	1
88.41	1
88.42	1
88.43	1
88.44	1
88.45	1
88.46	1
88.47	1
88.48	1
88.49	1
88.5	1
88.51	1
88.52	1
88.53	1
88.54	1
88.55	1
88.56	1
88.57	1
88.58	1
88.59	1
88.6	1
88.61	1
88.62	1
88.63	1
88.64	1
88.65	1
88.66	1
88.67	1
88.68	1
88.69	1
88.7	1
88.71	1
88.72	1
88.73	1
88.74	1
88.75	1
88.76	1
88.77	1
88.78	1
88.79	1
88.8	1
88.81	1
88.82	1
88.83	1
88.84	1
88.85	1
88.86	1
88.87	1
88.88	1
88.89	1
88.9	1
88.91	1
88.92	1
88.93	1
88.94	1
88.95	1
88.96	1
88.97	1
88.98	1
88.99	1
89	1
89.01	1
89.02	1
89.03	1
89.04	1
89.05	1
89.06	1
89.07	1
89.08	1
89.09	1
89.1	1
89.11	1
89.12	1
89.13	1
89.14	1
89.15	1
89.16	1
89.17	1
89.18	1
89.19	1
89.2	1
89.21	1
89.22	1
89.23	1
89.24	1
89.25	1
89.26	1
89.27	1
89.28	1
89.29	1
89.3	1
89.31	1
89.32	1
89.33	1
89.34	1
89.35	1
89.36	1
89.37	1
89.38	1
89.39	1
89.4	1
89.41	1
89.42	1
89.43	1
89.44	1
89.45	1
89.46	1
89.47	1
89.48	1
89.49	1
89.5	1
89.51	1
89.52	1
89.53	1
89.54	1
89.55	1
89.56	1
89.57	1
89.58	1
89.59	1
89.6	1
89.61	1
89.62	1
89.63	1
89.641	1
89.651	1
89.661	1
89.671	1
89.681	1
89.691	1
89.701	1
89.711	1
89.721	1
89.731	1
89.741	1
89.751	1
89.761	1
89.771	1
89.781	1
89.791	1
89.801	1
89.811	1
89.821	1
89.831	1
89.841	1
89.851	1
89.861	1
89.871	1
89.881	1
89.891	1
89.901	1
89.911	1
89.921	1
89.931	1
89.941	1
89.951	1
89.961	1
89.971	1
89.981	1
89.991	1
90.001	1
90.011	1
90.021	1
90.031	1
90.041	1
90.051	1
90.061	1
90.071	1
90.081	1
90.091	1
90.101	1
90.111	1
90.121	1
90.131	1
90.141	1
90.151	1
90.161	1
90.171	1
90.181	1
90.191	1
90.201	1
90.211	1
90.221	1
90.231	1
90.241	1
90.251	1
90.261	1
90.271	1
90.281	1
90.291	1
90.301	1
90.311	1
90.321	1
90.331	1
90.341	1
90.351	1
90.361	1
90.371	1
90.381	1
90.391	1
90.401	1
90.411	1
90.421	1
90.431	1
90.441	1
90.451	1
90.461	1
90.471	1
90.481	1
90.491	1
90.501	1
90.511	1
90.521	1
90.531	1
90.541	1
90.551	1
90.561	1
90.571	1
90.581	1
90.591	1
90.601	1
90.611	1
90.621	1
90.631	1
90.641	1
90.651	1
90.661	1
90.671	1
90.681	1
90.691	1
90.701	1
90.711	1
90.721	1
90.731	1
90.741	1
90.751	1
90.761	1
90.771	1
90.781	1
90.791	1
90.801	1
90.811	1
90.821	1
90.831	1
90.841	1
90.851	1
90.861	1
90.871	1
90.881	1
90.891	1
90.901	1
90.911	1
90.921	1
90.931	1
90.941	1
90.951	1
90.961	1
90.971	1
90.981	1
90.991	1
91.001	1
91.011	1
91.021	1
91.031	1
91.041	1
91.051	1
91.061	1
91.071	1
91.081	1
91.091	1
91.101	1
91.111	1
91.121	1
91.131	1
91.141	1
91.151	1
91.161	1
91.171	1
91.181	1
91.191	1
91.201	1
91.211	1
91.221	1
91.231	1
91.241	1
91.251	1
91.261	1
91.271	1
91.281	1
91.291	1
91.301	1
91.311	1
91.321	1
91.331	1
91.341	1
91.351	1
91.361	1
91.371	1
91.381	1
91.391	1
91.401	1
91.411	1
91.421	1
91.431	1
91.441	1
91.451	1
91.461	1
91.471	1
91.481	1
91.491	1
91.501	1
91.511	1
91.521	1
91.531	1
91.541	1
91.551	1
91.561	1
91.571	1
91.581	1
91.591	1
91.601	1
91.611	1
91.621	1
91.631	1
91.641	1
91.651	1
91.661	1
91.671	1
91.681	1
91.691	1
91.701	1
91.711	1
91.721	1
91.731	1
91.741	1
91.751	1
91.761	1
91.771	1
91.781	1
91.791	1
91.801	1
91.811	1
91.821	1
91.831	1
91.841	1
91.852	1
91.862	1
91.872	1
91.882	1
91.892	1
91.902	1
91.912	1
91.922	1
91.932	1
91.942	1
91.952	1
91.962	1
91.972	1
91.982	1
91.992	1
92.002	1
92.012	1
92.022	1
92.032	1
92.042	1
92.052	1
92.062	1
92.072	1
92.082	1
92.092	1
92.102	1
92.112	1
92.122	1
92.132	1
92.142	1
92.152	1
92.162	1
92.172	1
92.182	1
92.192	1
92.202	1
92.212	1
92.222	1
92.232	1
92.242	1
92.252	1
92.262	1
92.272	1
92.282	1
92.292	1
92.302	1
92.312	1
92.322	1
92.332	1
92.342	1
92.352	1
92.362	1
92.372	1
92.382	1
92.392	1
92.402	1
92.412	1
92.422	1
92.432	1
92.442	1
92.452	1
92.462	1
92.472	1
92.482	1
92.492	1
92.502	1
92.512	1
92.522	1
92.532	1
92.542	1
92.552	1
92.562	1
92.572	1
92.582	1
92.592	1
92.602	1
92.612	1
92.622	1
92.632	1
92.642	1
92.652	1
92.662	1
92.672	1
92.682	1
92.692	1
92.702	1
92.712	1
92.722	1
92.732	1
92.742	1
92.752	1
92.762	1
92.772	1
92.782	1
92.792	1
92.802	1
92.812	1
92.822	1
92.832	1
92.842	1
92.852	0
92.862	0
92.872	0
92.882	0
92.892	0
92.902	0
92.912	0
92.922	0
92.932	0
92.942	0
92.952	0
92.962	0
92.972	0
92.982	0
92.992	0
93.002	0
93.012	0
93.022	0
93.032	0
93.042	0
93.052	0
93.062	0
93.072	0
93.082	0
93.092	0
93.102	0
93.112	0
93.122	0
93.132	0
93.142	0
93.152	0
93.162	0
93.172	0
93.182	0
93.192	0
93.202	0
93.212	0
93.222	0
93.232	0
93.242	0
93.252	0
93.262	0
93.272	0
93.282	0
93.292	0
93.302	0
93.312	0
93.322	0
93.332	0
93.342	0
93.352	0
93.362	0
93.372	0
93.382	0
93.392	0
93.402	0
93.412	0
93.422	0
93.432	0
93.442	0
93.452	0
93.462	0
93.472	0
93.482	0
93.492	0
93.502	0
93.512	0
93.522	0
93.532	0
93.542	0
93.552	0
93.562	0
93.572	0
93.582	0
93.592	0
93.602	0
93.612	0
93.622	0
93.632	0
93.642	0
93.652	0
93.662	0
93.672	0
93.682	0
93.692	0
93.702	0
93.712	0
93.722	0
93.732	0
93.742	0
93.752	0
93.762	0
93.772	0
93.782	0
93.792	0
93.802	0
93.812	0
93.822	0
93.832	0
93.842	0
93.852	0
93.862	0
93.872	0
93.882	0
93.892	0
93.902	0
93.912	0
93.922	0
93.932	0
93.942	0
93.952	0
93.962	0
93.972	0
93.982	0
93.992	0
94.002	0
94.012	0
94.022	0
94.032	0
94.042	0
94.052	0
94.063	0
94.073	0
94.083	0
94.093	0
94.103	0
94.113	0
94.123	0
94.133	0
94.143	0
94.153	0
94.163	0
94.173	0
94.183	0
94.193	0
94.203	0
94.213	0
94.223	0
94.233	0
94.243	0
94.253	0
94.263	0
94.273	0
94.283	0
94.293	0
94.303	0
94.313	0
94.323	0
94.333	0
94.343	0
94.353	0
94.363	0
94.373	0
94.383	0
94.393	0
94.403	0
94.413	0
94.423	0
94.433	0
94.443	0
94.453	0
94.463	0
94.473	0
94.483	0
94.493	0
94.503	0
94.513	0
94.523	0
94.533	0
94.543	0
94.553	0
94.563	0
94.573	0
94.583	0
94.593	0
94.603	0
94.613	0
94.623	0
94.633	0
94.643	0
94.653	0
94.663	0
94.673	0
94.683	0
94.693	0
94.703	0
94.713	0
94.723	0
94.733	0
94.743	0
94.753	0
94.763	0
94.773	0
94.783	0
94.793	0
94.803	0
94.813	0
94.823	0
94.833	0
94.843	0
94.853	0
94.863	0
94.873	0
94.883	0
94.893	0
94.903	0
94.913	0
94.923	0
94.933	0
94.943	0
94.953	0
94.963	0
94.973	0
94.983	0
94.993	0
95.003	0
95.013	0
95.023	0
95.033	0
95.043	0
95.053	0
95.063	0
95.073	0
95.083	0
95.093	0
95.103	0
95.113	0
95.123	0
95.133	0
95.143	0
95.153	0
95.163	0
95.173	0
95.183	0
95.193	0
95.203	0
95.213	0
95.223	0
95.233	0
95.243	0
95.253	0
95.263	0
95.273	0
95.283	0
95.293	0
95.303	0
95.313	0
95.323	0
95.333	0
95.343	0
95.353	0
95.363	0
95.373	0
95.383	0
95.393	0
95.403	0
95.413	0
95.423	0
95.433	0
95.443	0
95.453	0
95.463	0
95.473	0
95.483	0
95.493	0
95.503	0
95.513	0
95.523	0
95.533	0
95.543	0
95.553	0
95.563	0
95.573	0
95.583	0
95.593	0
95.603	0
95.613	0
95.623	0
95.633	0
95.643	0
95.653	0
95.663	0
95.673	0
95.683	0
95.693	0
95.703	0
95.713	0
95.723	0
95.733	0
95.743	0
95.753	0
95.763	0
95.773	0
95.783	0
95.793	0
95.803	0
95.813	0
95.823	0
95.833	0
95.843	0
95.853	0
95.863	0
95.873	0
95.883	0
95.893	0
95.903	0
95.913	0
95.923	0
95.933	0
95.943	0
95.953	0
95.963	0
95.973	0
95.983	0
95.993	0
96.003	0
96.013	0
96.023	0
96.033	0
96.043	0
96.053	0
96.063	0
96.073	0
96.083	0
96.093	0
96.103	0
96.113	0
96.123	0
96.133	0
96.143	0
96.153	0
96.163	0
96.173	0
96.183	0
96.193	0
96.203	0
96.213	0
96.223	0
96.233	0
96.243	0
96.253	0
96.263	0
96.273	0
96.284	0
96.294	0
96.304	0
96.314	0
96.324	0
96.334	0
96.344	0
96.354	0
96.364	0
96.374	0
96.384	0
96.394	0
96.404	0
96.414	0
96.424	0
96.434	0
96.444	0
96.454	0
96.464	0
96.474	0
96.484	0
96.494	0
96.504	0
96.514	0
96.524	0
96.534	0
96.544	0
96.554	0
96.564	0
96.574	0
96.584	0
96.594	0
96.604	0
96.614	0
96.624	0
96.634	0
96.644	0
96.654	0
96.664	0
96.674	0
96.684	0
96.694	0
96.704	0
96.714	0
96.724	0
96.734	0
96.744	0
96.754	0
96.764	0
96.774	0
96.784	0
96.794	0
96.804	0
96.814	0
96.824	0
96.834	0
96.844	0
96.854	0
96.864	0
96.874	0
96.884	0
96.894	0
96.904	0
96.914	0
96.924	0
96.934	0
96.944	0
96.954	0
96.964	0
96.974	0
96.984	0
96.994	0
97.004	0
97.014	0
97.024	0
97.034	0
97.044	0
97.054	0
97.064	0
97.074	0
97.084	0
97.094	0
97.104	0
97.114	0
97.124	0
97.134	0
97.144	0
97.154	0
97.164	0
97.174	0
97.184	0
97.194	0
97.204	0
97.214	0
97.224	0
97.234	0
97.244	0
97.254	0
97.264	0
97.274	0
97.284	0
97.294	0
97.304	0
97.314	0
97.324	0
97.334	0
97.344	0
97.354	0
97.364	0
97.374	0
97.384	0
97.394	0
97.404	0
97.414	0
97.424	0
97.434	0
97.444	0
97.454	0
97.464	0
97.474	0
97.484	0
97.494	0
97.504	0
97.514	0
97.524	0
97.534	0
97.544	0
97.554	0
97.564	0
97.574	0
97.584	0
97.594	0
97.604	0
97.614	0
97.624	0
97.634	0
97.644	0
97.654	0
97.664	0
97.674	0
97.684	0
97.694	0
97.704	0
97.714	0
97.724	0
97.734	0
97.744	0
97.754	0
97.764	0
97.774	0
97.784	0
97.794	0
97.804	0
97.814	0
97.824	0
97.834	0
97.844	0
97.854	0
97.864	0
97.874	0
97.884	0
97.894	0
97.904	0
97.914	0
97.924	0
97.934	0
97.944	0
97.954	0
97.964	0
97.974	0
97.984	0
97.994	0
98.004	0
98.014	0
98.024	0
98.034	0
98.044	0
98.054	0
98.064	0
98.074	0
98.084	0
98.094	0
98.104	0
98.114	0
98.124	0
98.134	0
98.144	0
98.154	0
98.164	0
98.174	0
98.184	0
98.194	0
98.204	0
98.214	0
98.224	0
98.234	0
98.244	0
98.254	0
98.264	0
98.274	0
98.284	0
98.294	0
98.304	0
98.314	0
98.324	0
98.334	0
98.344	0
98.354	0
98.364	0
98.374	0
98.384	0
98.394	0
98.404	0
98.414	0
98.424	0
98.434	0
98.444	0
98.454	0
98.464	0
98.474	0
98.484	0
98.495	0
98.505	0
98.515	0
98.525	0
98.535	0
98.545	0
98.555	0
98.565	0
98.575	0
98.585	0
98.595	0
98.605	0
98.615	0
98.625	0
98.635	0
98.645	0
98.655	0
98.665	0
98.675	0
98.685	0
98.695	0
98.705	0
98.715	0
98.725	0
98.735	0
98.745	0
98.755	0
98.765	0
98.775	0
98.785	0
98.795	0
98.805	0
98.815	0
98.825	0
98.835	0
98.845	0
98.855	0
98.865	0
98.875	0
98.885	0
98.895	0
98.905	0
98.915	0
98.925	0
98.935	0
98.945	0
98.955	0
98.965	0
98.975	0
98.985	0
98.995	0
99.005	0
99.015	0
99.025	0
99.035	0
99.045	0
99.055	0
99.065	0
99.075	0
99.085	0
99.095	0
99.105	0
99.115	0
99.125	0
99.135	0
99.145	0
99.155	0
99.165	0
99.175	0
99.185	0
99.195	0
99.205	0
99.215	0
99.225	0
99.235	0
99.245	0
99.255	0
99.265	0
99.275	0
99.285	0
99.295	0
99.305	0
99.315	0
99.325	0
99.335	0
99.345	0
99.355	0
99.365	0
99.375	0
99.385	0
99.395	0
99.405	0
99.415	0
99.425	0
99.435	0
99.445	0
99.455	0
99.465	0
99.475	0
99.485	0
99.495	0
99.505	0
99.515	0
99.525	0
99.535	0
99.545	0
99.555	0
99.565	0
99.575	0
99.585	0
99.595	0
99.605	0
99.615	0
99.625	0
99.635	0
99.645	0
99.655	0
99.665	0
99.675	0
99.685	0
99.695	0
99.705	0
99.715	0
99.725	0
99.735	0
99.745	0
99.755	0
99.765	0
99.775	0
99.785	0
99.795	0
99.805	0
99.815	0
99.825	0
99.835	0
99.845	0
99.855	0
99.865	0
99.875	0
99.885	0
99.895	0
99.905	0
99.915	0
99.925	0
99.935	0
99.945	0
99.955	0
99.965	0
99.975	0
99.985	0
99.995	0
100.01	0
100.02	0
100.03	0
100.04	0
100.05	0
100.06	0
100.07	0
100.08	0
100.09	0
100.1	0
100.11	0
100.12	0
100.13	0
100.14	0
100.15	0
100.16	0
100.17	0
100.18	0
100.19	0
100.2	0
100.21	0
100.22	0
100.23	0
100.24	0
100.25	0
100.26	0
100.27	0
100.28	0
100.29	0
100.3	0
100.31	0
100.32	0
100.33	0
100.34	0
100.35	0
100.36	0
100.37	0
100.38	0
100.39	0
100.4	0
100.41	0
100.42	0
100.43	0
100.44	0
100.45	0
100.46	0
100.47	0
100.48	0
100.49	0
100.5	0
100.51	0
100.52	0
100.53	0
100.54	0
100.55	0
100.56	0
100.57	0
100.58	0
100.59	0
100.6	0
100.61	0
100.62	0
100.63	0
100.64	0
100.65	0
100.66	0
100.67	0
100.68	0
100.69	0
100.7	0
100.71	0
100.72	0
100.73	0
100.74	0
100.75	0
100.76	0
100.77	0
100.78	0
100.79	0
100.8	0
100.81	0
100.82	0
100.83	0
100.84	0
100.85	0
100.86	0
100.87	0
100.88	0
100.89	0
100.9	0
100.91	0
100.92	0
100.93	0
100.94	0
100.95	0
100.96	0
100.97	0
100.98	0
100.99	0
101	0
101.01	0
101.02	0
101.03	0
101.04	0
101.05	0
101.06	0
101.07	0
101.08	0
101.09	0
101.1	0
101.11	0
101.12	0
101.13	0
101.14	0
101.15	0
101.16	0
101.17	0
101.18	0
101.19	0
101.2	0
101.21	0
101.22	0
101.23	0
101.24	0
101.25	0
101.26	0
101.27	0
101.28	0
101.29	0
101.3	0
101.31	0
101.32	0
101.33	0
101.34	0
101.35	0
101.36	0
101.37	0
101.38	0
101.39	0
101.4	0
101.41	0
101.42	0
101.43	0
101.44	0
101.45	0
101.46	0
101.47	0
101.48	0
101.49	0
101.5	0
101.51	0
101.52	0
101.53	0
101.54	0
101.55	0
101.56	0
101.57	0
101.58	0
101.59	0
101.6	0
101.61	0
101.62	0
101.63	0
101.64	0
101.65	0
101.66	0
101.67	0
101.68	0
101.69	0
101.7	0
101.71	0
101.72	0
101.73	0
101.74	0
101.75	0
101.76	0
101.77	0
101.78	0
101.79	0
101.8	0
101.81	0
101.82	0
101.83	0
101.84	0
101.85	0
101.86	0
101.87	0
101.88	0
101.89	0
101.9	0
101.91	0
101.92	0
101.93	0
101.94	0
101.95	0
101.96	0
101.97	0
101.98	0
101.99	0
102	0
102.01	0
102.02	0
102.03	0
102.04	0
102.05	0
102.06	0
102.07	0
102.08	0
102.09	0
102.1	0
102.11	0
102.12	0
102.13	0
102.14	0
102.15	0
102.16	0
102.17	0
102.18	0
102.19	0
102.2	0
102.21	0
102.22	0
102.23	0
102.24	0
102.25	0
102.26	0
102.27	0
102.28	0
102.29	0
102.3	0
102.31	0
102.32	0
102.33	0
102.34	0
102.35	0
102.36	0
102.37	0
102.38	0
102.39	0
102.4	0
102.41	0
102.42	0
102.43	0
102.44	0
102.45	0
102.46	0
102.47	0
102.48	0
102.49	0
102.5	0
102.51	0
102.52	0
102.53	0
102.54	0
102.55	0
102.56	0
102.57	0
102.58	0
102.59	0
102.6	0
102.61	0
102.62	0
102.63	0
102.64	0
102.65	0
102.66	0
102.67	0
102.68	0
102.69	0
102.7	0
102.71	0
102.72	0
102.73	0
102.74	0
102.75	0
102.76	0
102.77	0
102.78	0
102.79	0
102.8	0
102.81	0
102.82	0
102.83	0
102.84	0
102.85	0
102.86	0
102.87	0
102.88	0
102.89	0
102.9	0
102.91	0
102.92	0
102.93	0
102.94	0
102.95	0
102.96	0
102.97	0
102.98	0
102.99	0
103	0
103.01	0
103.02	0
103.03	0
103.04	0
103.05	0
103.06	0
103.07	0
103.08	0
103.09	0
103.1	0
103.11	0
103.12	0
103.13	0
103.14	0
103.15	0
103.16	0
103.17	0
103.18	0
103.19	0
103.2	0
103.21	0
103.22	0
103.23	0
103.24	0
103.25	0
103.26	0
103.27	0
103.28	0
103.29	0
103.3	0
103.31	0
103.32	0
103.33	0
103.34	0
103.35	0
103.36	0
103.37	0
103.38	0
103.39	0
103.4	0
103.41	0
103.42	0
103.43	0
103.44	0
103.45	0
103.46	0
103.47	0
103.48	0
103.49	0
103.5	0
103.51	0
103.52	0
103.53	0
103.54	0
103.55	0
103.56	0
103.57	0
103.58	0
103.59	0
103.6	0
103.61	0
103.62	0
103.63	0
103.64	0
103.65	0
103.66	0
103.67	0
103.68	0
103.69	0
103.7	0
103.71	0
103.72	0
103.73	0
103.74	0
103.75	0
103.76	0
103.77	0
103.78	0
103.79	0
103.8	0
103.81	0
103.82	0
103.83	0
103.84	0
103.85	0
103.86	1
103.87	1
103.88	1
103.89	1
103.9	1
103.91	1
103.92	1
103.93	1
103.94	1
103.95	1
103.96	1
103.97	1
103.98	1
103.99	1
104	1
104.01	1
104.02	1
104.03	1
104.04	1
104.05	1
104.06	1
104.07	1
104.08	1
104.09	1
104.1	1
104.11	1
104.12	1
104.13	1
104.14	1
104.15	1
104.16	1
104.17	1
104.18	1
104.19	1
104.2	1
104.21	1
104.22	1
104.23	1
104.24	1
104.25	1
104.26	1
104.27	1
104.28	1
104.29	1
104.3	1
104.31	1
104.32	1
104.33	1
104.34	1
104.35	1
104.36	1
104.37	1
104.38	1
104.39	1
104.4	1
104.41	1
104.42	1
104.43	1
104.44	1
104.45	1
104.46	1
104.47	1
104.48	1
104.49	1
104.5	1
104.51	1
104.52	1
104.53	1
104.54	1
104.55	1
104.56	1
104.57	1
104.58	1
104.59	1
104.6	1
104.61	1
104.62	1
104.63	1
104.64	1
104.65	1
104.66	1
104.67	1
104.68	1
104.69	1
104.7	1
104.71	1
104.72	1
104.73	1
104.74	1
104.75	1
104.76	1
104.77	1
104.78	1
104.79	1
104.8	1
104.81	1
104.82	1
104.83	1
104.84	1
104.85	1
104.86	1
104.87	1
104.88	1
104.89	1
104.9	1
104.91	1
104.92	1
104.93	1
104.94	1
104.95	1
104.96	1
104.97	1
104.98	1
104.99	1
105	1
105.01	1
105.02	1
105.03	1
105.04	1
